0, 0, 120
1, 10, 120
1, 20, 119
1, 30, 117
1, 40, 115
1, 50, 113
1, 60, 111
1, 70, 109
1, 80, 106
1, 90, 104
1, 100, 101
1, 110, 98
1, 120, 96
1, 130, 94
7, 140, 91
14, 150, 94
16, 160, 98
17, 170, 97
17, 180, 96
19, 190, 94
25, 200, 93
26, 210, 96
32, 220, 94
39, 230, 98
44, 240, 101
49, 250, 104
56, 260, 105
63, 270, 108
72, 280, 112
75, 290, 119
78, 300, 119
82, 310, 119
87, 320, 120
87, 330, 122
87, 340, 122
87, 350, 122
87, 360, 122
87, 370, 121
87, 380, 121
87, 390, 121
87, 400, 121
87, 410, 121
87, 420, 121
87, 430, 121
87, 440, 121
87, 450, 121
87, 460, 121
87, 470, 120
87, 480, 120
87, 490, 120
87, 500, 120
87, 510, 120
87, 520, 120
87, 530, 120
87, 540, 120
87, 550, 119
87, 560, 119
87, 570, 119
87, 580, 119
87, 590, 119
87, 600, 119
87, 610, 119
87, 620, 119
87, 630, 119
87, 640, 118
87, 650, 118
87, 660, 118
87, 670, 118
87, 680, 118
87, 690, 118
87, 700, 118
87, 710, 118
87, 720, 118
87, 730, 118
87, 740, 117
87, 750, 117
87, 760, 117
87, 770, 117
87, 780, 117
87, 790, 117
87, 800, 117
87, 810, 117
87, 820, 117
87, 830, 117
87, 840, 117
87, 850, 116
87, 860, 116
87, 870, 116
87, 880, 116
87, 890, 116
87, 900, 116
87, 910, 116
87, 920, 116
87, 930, 115
87, 940, 115
87, 950, 115
87, 960, 115
87, 970, 115
87, 980, 115
87, 990, 115
87, 1000, 115
87, 1010, 114
87, 1020, 114
87, 1030, 114
87, 1040, 114
87, 1050, 114
87, 1060, 114
87, 1070, 114
87, 1080, 114
87, 1090, 113
87, 1100, 113
87, 1110, 113
87, 1120, 113
87, 1130, 113
87, 1140, 113
87, 1150, 113
87, 1160, 113
87, 1170, 112
87, 1180, 112
87, 1190, 112
87, 1200, 112
87, 1210, 112
87, 1220, 112
87, 1230, 112
87, 1240, 112
87, 1250, 112
87, 1260, 112
87, 1270, 112
87, 1280, 111
87, 1290, 111
87, 1300, 111
87, 1310, 111
87, 1320, 111
87, 1330, 111
87, 1340, 111
87, 1350, 111
87, 1360, 111
87, 1370, 111
87, 1380, 110
87, 1390, 110
87, 1400, 110
87, 1410, 110
87, 1420, 110
87, 1430, 110
87, 1440, 110
87, 1450, 110
87, 1460, 110
87, 1470, 109
87, 1480, 109
87, 1490, 109
87, 1500, 109
87, 1510, 109
87, 1520, 109
87, 1530, 109
87, 1540, 109
87, 1550, 109
87, 1560, 109
87, 1570, 109
87, 1580, 109
87, 1590, 109
87, 1600, 108
87, 1610, 108
87, 1620, 108
87, 1630, 108
87, 1640, 108
87, 1650, 108
87, 1660, 108
87, 1670, 108
87, 1680, 108
87, 1690, 108
87, 1700, 107
87, 1710, 107
87, 1720, 107
87, 1730, 107
87, 1740, 107
87, 1750, 107
87, 1760, 107
87, 1770, 107
87, 1780, 107
87, 1790, 107
87, 1800, 107
87, 1810, 107
87, 1820, 107
87, 1830, 106
87, 1840, 106
87, 1850, 106
87, 1860, 106
87, 1870, 106
87, 1880, 106
87, 1890, 106
87, 1900, 106
87, 1910, 106
87, 1920, 106
87, 1930, 106
87, 1940, 106
87, 1950, 106
87, 1960, 106
87, 1970, 105
87, 1980, 105
87, 1990, 105
87, 2000, 105
87, 2010, 105
87, 2020, 105
87, 2030, 105
87, 2040, 105
87, 2050, 105
87, 2060, 105
87, 2070, 105
87, 2080, 104
87, 2090, 104
87, 2100, 104
87, 2110, 104
87, 2120, 104
87, 2130, 104
87, 2140, 104
87, 2150, 104
87, 2160, 103
87, 2170, 103
87, 2180, 103
87, 2190, 103
87, 2200, 103
87, 2210, 103
87, 2220, 103
87, 2230, 103
87, 2240, 103
87, 2250, 103
87, 2260, 103
87, 2270, 103
87, 2280, 102
87, 2290, 102
87, 2300, 102
87, 2310, 102
87, 2320, 102
87, 2330, 102
87, 2340, 102
87, 2350, 102
87, 2360, 102
87, 2370, 101
87, 2380, 101
87, 2390, 101
87, 2400, 101
87, 2410, 101
87, 2420, 101
87, 2430, 101
87, 2440, 101
87, 2450, 101
87, 2460, 101
87, 2470, 101
87, 2480, 100
87, 2490, 100
87, 2500, 100
87, 2510, 100
87, 2520, 100
87, 2530, 100
87, 2540, 100
87, 2550, 100
87, 2560, 100
87, 2570, 100
87, 2580, 100
87, 2590, 100
87, 2600, 100
87, 2610, 99
87, 2620, 99
87, 2630, 99
87, 2640, 99
87, 2650, 99
87, 2660, 99
87, 2670, 99
87, 2680, 99
87, 2690, 99
87, 2700, 99
87, 2710, 99
87, 2720, 99
87, 2730, 99
87, 2740, 99
87, 2750, 98
87, 2760, 98
87, 2770, 98
87, 2780, 98
87, 2790, 98
87, 2800, 98
87, 2810, 98
87, 2820, 98
87, 2830, 98
87, 2840, 98
87, 2850, 98
87, 2860, 98
87, 2870, 98
87, 2880, 97
87, 2890, 97
87, 2900, 97
87, 2910, 97
87, 2920, 97
87, 2930, 97
87, 2940, 97
87, 2950, 97
87, 2960, 97
87, 2970, 97
87, 2980, 97
87, 2990, 97
87, 3000, 97
87, 3010, 96
87, 3020, 96
87, 3030, 96
87, 3040, 96
87, 3050, 96
87, 3060, 96
87, 3070, 96
87, 3080, 96
87, 3090, 96
87, 3100, 96
87, 3110, 95
87, 3120, 95
87, 3130, 95
87, 3140, 95
87, 3150, 95
87, 3160, 95
87, 3170, 95
87, 3180, 95
87, 3190, 95
87, 3200, 95
87, 3210, 95
87, 3220, 95
87, 3230, 95
87, 3240, 94
87, 3250, 94
87, 3260, 94
87, 3270, 94
87, 3280, 94
87, 3290, 94
87, 3300, 94
87, 3310, 94
87, 3320, 94
87, 3330, 94
87, 3340, 94
87, 3350, 94
87, 3360, 93
87, 3370, 93
87, 3380, 93
87, 3390, 93
87, 3400, 93
87, 3410, 93
87, 3420, 93
87, 3430, 93
87, 3440, 93
87, 3450, 93
87, 3460, 93
87, 3470, 93
87, 3480, 93
87, 3490, 93
87, 3500, 92
87, 3510, 92
87, 3520, 92
87, 3530, 92
87, 3540, 92
87, 3550, 92
87, 3560, 92
87, 3570, 92
87, 3580, 92
87, 3590, 92
87, 3600, 92
87, 3610, 92
87, 3620, 91
87, 3630, 91
87, 3640, 91
87, 3650, 91
87, 3660, 91
87, 3670, 91
87, 3680, 91
87, 3690, 91
87, 3700, 91
87, 3710, 91
87, 3720, 91
87, 3730, 91
87, 3740, 91
87, 3750, 90
87, 3760, 90
87, 3770, 90
87, 3780, 90
87, 3790, 90
87, 3800, 90
87, 3810, 90
87, 3820, 90
87, 3830, 90
87, 3840, 90
87, 3850, 89
87, 3860, 89
87, 3870, 89
87, 3880, 89
87, 3890, 89
87, 3900, 89
87, 3910, 89
87, 3920, 89
87, 3930, 89
87, 3940, 89
87, 3950, 88
87, 3960, 88
90, 3970, 88
0, 0, 120
1, 10, 120
1, 20, 119
1, 30, 117
1, 40, 115
1, 50, 113
1, 60, 111
1, 70, 109
1, 80, 106
1, 90, 104
1, 100, 101
1, 110, 98
1, 120, 96
1, 130, 94
7, 140, 91
14, 150, 94
16, 160, 98
17, 170, 97
17, 180, 96
19, 190, 94
25, 200, 93
26, 210, 96
32, 220, 94
39, 230, 98
44, 240, 101
49, 250, 104
56, 260, 105
63, 270, 108
72, 280, 112
75, 290, 119
78, 300, 119
82, 310, 119
87, 320, 120
87, 330, 122
87, 340, 122
87, 350, 122
87, 360, 122
87, 370, 121
87, 380, 121
87, 390, 121
87, 400, 121
87, 410, 121
87, 420, 121
87, 430, 121
87, 440, 121
87, 450, 121
87, 460, 121
87, 470, 120
87, 480, 120
87, 490, 120
87, 500, 120
87, 510, 120
87, 520, 120
87, 530, 120
87, 540, 120
87, 550, 119
87, 560, 119
87, 570, 119
87, 580, 119
87, 590, 119
87, 600, 119
87, 610, 119
87, 620, 119
87, 630, 119
87, 640, 118
87, 650, 118
87, 660, 118
87, 670, 118
87, 680, 118
87, 690, 118
87, 700, 118
87, 710, 118
87, 720, 118
87, 730, 118
87, 740, 117
87, 750, 117
87, 760, 117
87, 770, 117
87, 780, 117
87, 790, 117
87, 800, 117
87, 810, 117
87, 820, 117
87, 830, 117
87, 840, 117
87, 850, 116
87, 860, 116
87, 870, 116
87, 880, 116
87, 890, 116
87, 900, 116
87, 910, 116
87, 920, 116
87, 930, 115
87, 940, 115
87, 950, 115
87, 960, 115
87, 970, 115
87, 980, 115
87, 990, 115
87, 1000, 115
87, 1010, 114
87, 1020, 114
87, 1030, 114
87, 1040, 114
87, 1050, 114
87, 1060, 114
87, 1070, 114
87, 1080, 114
87, 1090, 113
87, 1100, 113
87, 1110, 113
87, 1120, 113
87, 1130, 113
87, 1140, 113
87, 1150, 113
87, 1160, 113
87, 1170, 112
87, 1180, 112
87, 1190, 112
87, 1200, 112
87, 1210, 112
87, 1220, 112
87, 1230, 112
87, 1240, 112
87, 1250, 112
87, 1260, 112
87, 1270, 112
87, 1280, 111
87, 1290, 111
87, 1300, 111
87, 1310, 111
87, 1320, 111
87, 1330, 111
87, 1340, 111
87, 1350, 111
87, 1360, 111
87, 1370, 111
87, 1380, 110
87, 1390, 110
87, 1400, 110
87, 1410, 110
87, 1420, 110
87, 1430, 110
87, 1440, 110
87, 1450, 110
87, 1460, 110
87, 1470, 109
87, 1480, 109
87, 1490, 109
87, 1500, 109
87, 1510, 109
87, 1520, 109
87, 1530, 109
87, 1540, 109
87, 1550, 109
87, 1560, 109
87, 1570, 109
87, 1580, 109
87, 1590, 109
87, 1600, 108
87, 1610, 108
87, 1620, 108
87, 1630, 108
87, 1640, 108
87, 1650, 108
87, 1660, 108
87, 1670, 108
87, 1680, 108
87, 1690, 108
87, 1700, 107
87, 1710, 107
87, 1720, 107
87, 1730, 107
87, 1740, 107
87, 1750, 107
87, 1760, 107
87, 1770, 107
87, 1780, 107
87, 1790, 107
87, 1800, 107
87, 1810, 107
87, 1820, 107
87, 1830, 106
87, 1840, 106
87, 1850, 106
87, 1860, 106
87, 1870, 106
87, 1880, 106
87, 1890, 106
87, 1900, 106
87, 1910, 106
87, 1920, 106
87, 1930, 106
87, 1940, 106
87, 1950, 106
87, 1960, 106
87, 1970, 105
87, 1980, 105
87, 1990, 105
87, 2000, 105
87, 2010, 105
87, 2020, 105
87, 2030, 105
87, 2040, 105
87, 2050, 105
87, 2060, 105
87, 2070, 105
87, 2080, 104
87, 2090, 104
87, 2100, 104
87, 2110, 104
87, 2120, 104
87, 2130, 104
87, 2140, 104
87, 2150, 104
87, 2160, 103
87, 2170, 103
87, 2180, 103
87, 2190, 103
87, 2200, 103
87, 2210, 103
87, 2220, 103
87, 2230, 103
87, 2240, 103
87, 2250, 103
87, 2260, 103
87, 2270, 103
87, 2280, 102
87, 2290, 102
87, 2300, 102
87, 2310, 102
87, 2320, 102
87, 2330, 102
87, 2340, 102
87, 2350, 102
87, 2360, 102
87, 2370, 101
87, 2380, 101
87, 2390, 101
87, 2400, 101
87, 2410, 101
87, 2420, 101
87, 2430, 101
87, 2440, 101
87, 2450, 101
87, 2460, 101
87, 2470, 101
87, 2480, 100
87, 2490, 100
87, 2500, 100
87, 2510, 100
87, 2520, 100
87, 2530, 100
87, 2540, 100
87, 2550, 100
87, 2560, 100
87, 2570, 100
87, 2580, 100
87, 2590, 100
87, 2600, 100
87, 2610, 99
87, 2620, 99
87, 2630, 99
87, 2640, 99
87, 2650, 99
87, 2660, 99
87, 2670, 99
87, 2680, 99
87, 2690, 99
87, 2700, 99
87, 2710, 99
87, 2720, 99
87, 2730, 99
87, 2740, 99
87, 2750, 98
87, 2760, 98
87, 2770, 98
87, 2780, 98
87, 2790, 98
87, 2800, 98
87, 2810, 98
87, 2820, 98
87, 2830, 98
87, 2840, 98
87, 2850, 98
87, 2860, 98
87, 2870, 98
87, 2880, 97
87, 2890, 97
87, 2900, 97
87, 2910, 97
87, 2920, 97
87, 2930, 97
87, 2940, 97
87, 2950, 97
87, 2960, 97
87, 2970, 97
87, 2980, 97
87, 2990, 97
87, 3000, 97
87, 3010, 96
87, 3020, 96
87, 3030, 96
87, 3040, 96
87, 3050, 96
87, 3060, 96
87, 3070, 96
87, 3080, 96
87, 3090, 96
87, 3100, 96
87, 3110, 95
87, 3120, 95
87, 3130, 95
87, 3140, 95
87, 3150, 95
87, 3160, 95
87, 3170, 95
87, 3180, 95
87, 3190, 95
87, 3200, 95
87, 3210, 95
87, 3220, 95
87, 3230, 95
87, 3240, 94
87, 3250, 94
87, 3260, 94
87, 3270, 94
87, 3280, 94
87, 3290, 94
87, 3300, 94
87, 3310, 94
87, 3320, 94
87, 3330, 94
87, 3340, 94
87, 3350, 94
87, 3360, 93
87, 3370, 93
87, 3380, 93
87, 3390, 93
87, 3400, 93
87, 3410, 93
87, 3420, 93
87, 3430, 93
87, 3440, 93
87, 3450, 93
87, 3460, 93
87, 3470, 93
87, 3480, 93
87, 3490, 93
87, 3500, 92
87, 3510, 92
87, 3520, 92
87, 3530, 92
87, 3540, 92
87, 3550, 92
87, 3560, 92
87, 3570, 92
87, 3580, 92
87, 3590, 92
87, 3600, 92
87, 3610, 92
87, 3620, 91
87, 3630, 91
87, 3640, 91
87, 3650, 91
87, 3660, 91
87, 3670, 91
87, 3680, 91
87, 3690, 91
87, 3700, 91
87, 3710, 91
87, 3720, 91
87, 3730, 91
87, 3740, 91
87, 3750, 90
87, 3760, 90
87, 3770, 90
87, 3780, 90
87, 3790, 90
87, 3800, 90
87, 3810, 90
87, 3820, 90
87, 3830, 90
87, 3840, 90
87, 3850, 89
87, 3860, 89
87, 3870, 89
87, 3880, 89
87, 3890, 89
87, 3900, 89
87, 3910, 89
87, 3920, 89
87, 3930, 89
87, 3940, 89
87, 3950, 88
87, 3960, 88
90, 3970, 88

------------------------------------------------------------
Sender: LSF System <lsfadmin@n2b1-14>
Subject: Job 143903: </share/tjmenzie/zyu9/miniconda2/bin/python2.7 runner.py exp_HPC 0> in cluster <henry2> Done

Job </share/tjmenzie/zyu9/miniconda2/bin/python2.7 runner.py exp_HPC 0> was submitted from host <login01> by user <zyu9> in cluster <henry2> at Fri Mar  8 09:36:26 2019.
Job was executed on host(s) <2*n2b1-14>, in queue <single_chassis>, as user <zyu9> in cluster <henry2> at Fri Mar  8 09:36:36 2019.
</home/zyu9> was used as the home directory.
</home/zyu9/projects/Better-Est/src> was used as the working directory.
Started at Fri Mar  8 09:36:36 2019.
Terminated at Fri Mar  8 17:55:57 2019.
Results reported at Fri Mar  8 17:55:57 2019.

Your job looked like:

------------------------------------------------------------
# LSBATCH: User input
/share/tjmenzie/zyu9/miniconda2/bin/python2.7 runner.py exp_HPC 0
------------------------------------------------------------

Successfully completed.

Resource usage summary:

    CPU time :                                   27999.09 sec.
    Max Memory :                                 420.81 MB
    Average Memory :                             175.45 MB
    Total Requested Memory :                     -
    Delta Memory :                               -
    Max Swap :                                   1473 MB
    Max Processes :                              3
    Max Threads :                                11
    Run time :                                   29966 sec.
    Turnaround time :                            29971 sec.

The output (if any) is above this job summary.



PS:

Read file <./err/0.err.143903> for stderr output of this job.

