0, 0, 120
1, 10, 120
1, 20, 119
1, 30, 117
1, 40, 115
1, 50, 113
1, 60, 111
1, 70, 109
1, 80, 106
1, 90, 104
1, 100, 101
1, 110, 98
1, 120, 96
1, 130, 94
7, 140, 91
14, 150, 94
16, 160, 98
17, 170, 97
17, 180, 96
19, 190, 94
25, 200, 93
26, 210, 96
32, 220, 94
39, 230, 98
44, 240, 101
49, 250, 104
56, 260, 105
63, 270, 108
72, 280, 112
75, 290, 119
78, 300, 119
82, 310, 119
87, 320, 120
87, 330, 122
87, 340, 122
87, 350, 122
87, 360, 122
87, 370, 121
87, 380, 121
87, 390, 121
87, 400, 121
87, 410, 121
87, 420, 121
87, 430, 121
87, 440, 121
87, 450, 121
87, 460, 121
87, 470, 120
87, 480, 120
87, 490, 120
87, 500, 120
87, 510, 120
87, 520, 120
87, 530, 120
87, 540, 120
87, 550, 119
87, 560, 119
87, 570, 119
87, 580, 119
87, 590, 119
87, 600, 119
87, 610, 119
87, 620, 119
87, 630, 119
87, 640, 118
87, 650, 118
87, 660, 118
87, 670, 118
87, 680, 118
87, 690, 118
87, 700, 118
87, 710, 118
87, 720, 118
87, 730, 118
87, 740, 117
87, 750, 117
87, 760, 117
87, 770, 117
87, 780, 117
87, 790, 117
87, 800, 117
87, 810, 117
87, 820, 117
87, 830, 117
87, 840, 117
87, 850, 116
87, 860, 116
87, 870, 116
87, 880, 116
87, 890, 116
87, 900, 116
87, 910, 116
87, 920, 116
87, 930, 115
87, 940, 115
87, 950, 115
87, 960, 115
87, 970, 115
87, 980, 115
87, 990, 115
87, 1000, 115
87, 1010, 114
87, 1020, 114
87, 1030, 114
87, 1040, 114
87, 1050, 114
87, 1060, 114
87, 1070, 114
87, 1080, 114
87, 1090, 113
87, 1100, 113
87, 1110, 113
87, 1120, 113
87, 1130, 113
87, 1140, 113
87, 1150, 113
87, 1160, 113
87, 1170, 112
87, 1180, 112
87, 1190, 112
87, 1200, 112
87, 1210, 112
87, 1220, 112
87, 1230, 112
87, 1240, 112
87, 1250, 112
87, 1260, 112
87, 1270, 112
87, 1280, 111
87, 1290, 111
87, 1300, 111
87, 1310, 111
87, 1320, 111
87, 1330, 111
87, 1340, 111
87, 1350, 111
87, 1360, 111
87, 1370, 111
87, 1380, 110
87, 1390, 110
87, 1400, 110
87, 1410, 110
87, 1420, 110
87, 1430, 110
87, 1440, 110
87, 1450, 110
87, 1460, 110
87, 1470, 109
87, 1480, 109
87, 1490, 109
87, 1500, 109
87, 1510, 109
87, 1520, 109
87, 1530, 109
87, 1540, 109
87, 1550, 109
87, 1560, 109
87, 1570, 109
87, 1580, 109
87, 1590, 109
87, 1600, 108
87, 1610, 108
87, 1620, 108
87, 1630, 108
87, 1640, 108
87, 1650, 108
87, 1660, 108
87, 1670, 108
87, 1680, 108
87, 1690, 108
87, 1700, 107
87, 1710, 107
87, 1720, 107
87, 1730, 107
87, 1740, 107
87, 1750, 107
87, 1760, 107
87, 1770, 107
87, 1780, 107
87, 1790, 107
87, 1800, 107
87, 1810, 107
87, 1820, 107
87, 1830, 106
87, 1840, 106
87, 1850, 106
87, 1860, 106
87, 1870, 106
87, 1880, 106
87, 1890, 106
87, 1900, 106
87, 1910, 106
87, 1920, 106
87, 1930, 106
87, 1940, 106
87, 1950, 106
87, 1960, 106
87, 1970, 105
87, 1980, 105
87, 1990, 105
87, 2000, 105
87, 2010, 105
87, 2020, 105
87, 2030, 105
87, 2040, 105
87, 2050, 105
87, 2060, 105
87, 2070, 105
87, 2080, 104
87, 2090, 104
87, 2100, 104
87, 2110, 104
87, 2120, 104
87, 2130, 104
87, 2140, 104
87, 2150, 104
87, 2160, 103
87, 2170, 103
87, 2180, 103
87, 2190, 103
87, 2200, 103
87, 2210, 103
87, 2220, 103
87, 2230, 103
87, 2240, 103
87, 2250, 103
87, 2260, 103
87, 2270, 103
87, 2280, 102
87, 2290, 102
87, 2300, 102
87, 2310, 102
87, 2320, 102
87, 2330, 102
87, 2340, 102
87, 2350, 102
87, 2360, 102
87, 2370, 101
87, 2380, 101
87, 2390, 101
87, 2400, 101
87, 2410, 101
87, 2420, 101
87, 2430, 101
87, 2440, 101
87, 2450, 101
87, 2460, 101
87, 2470, 101
87, 2480, 100
87, 2490, 100
87, 2500, 100
87, 2510, 100
87, 2520, 100
87, 2530, 100
87, 2540, 100
87, 2550, 100
87, 2560, 100
87, 2570, 100
87, 2580, 100
87, 2590, 100
87, 2600, 100
87, 2610, 99
87, 2620, 99
87, 2630, 99
87, 2640, 99
87, 2650, 99
87, 2660, 99
87, 2670, 99
87, 2680, 99
87, 2690, 99
87, 2700, 99
87, 2710, 99
87, 2720, 99
87, 2730, 99
87, 2740, 99
87, 2750, 98
87, 2760, 98
87, 2770, 98
87, 2780, 98
87, 2790, 98
87, 2800, 98
87, 2810, 98
87, 2820, 98
87, 2830, 98
87, 2840, 98
87, 2850, 98
87, 2860, 98
87, 2870, 98
87, 2880, 97
87, 2890, 97
87, 2900, 97
87, 2910, 97
87, 2920, 97
87, 2930, 97
87, 2940, 97
87, 2950, 97
87, 2960, 97
87, 2970, 97
87, 2980, 97
87, 2990, 97
87, 3000, 97
87, 3010, 96
87, 3020, 96
87, 3030, 96
87, 3040, 96
87, 3050, 96
87, 3060, 96
87, 3070, 96
87, 3080, 96
87, 3090, 96
87, 3100, 96
87, 3110, 95
87, 3120, 95
87, 3130, 95
87, 3140, 95
87, 3150, 95
87, 3160, 95
87, 3170, 95
87, 3180, 95
87, 3190, 95
87, 3200, 95
87, 3210, 95
87, 3220, 95
87, 3230, 95
87, 3240, 94
87, 3250, 94
87, 3260, 94
87, 3270, 94
87, 3280, 94
87, 3290, 94
87, 3300, 94
87, 3310, 94
87, 3320, 94
87, 3330, 94
87, 3340, 94
87, 3350, 94
87, 3360, 93
87, 3370, 93
87, 3380, 93
87, 3390, 93
87, 3400, 93
87, 3410, 93
87, 3420, 93
87, 3430, 93
87, 3440, 93
87, 3450, 93
87, 3460, 93
87, 3470, 93
87, 3480, 93
87, 3490, 93
87, 3500, 92
87, 3510, 92
87, 3520, 92
87, 3530, 92
87, 3540, 92
87, 3550, 92
87, 3560, 92
87, 3570, 92
87, 3580, 92
87, 3590, 92
87, 3600, 92
87, 3610, 92
87, 3620, 91
87, 3630, 91
87, 3640, 91
87, 3650, 91
87, 3660, 91
87, 3670, 91
87, 3680, 91
87, 3690, 91
87, 3700, 91
87, 3710, 91
87, 3720, 91
87, 3730, 91
87, 3740, 91
87, 3750, 90
87, 3760, 90
87, 3770, 90
87, 3780, 90
87, 3790, 90
87, 3800, 90
87, 3810, 90
87, 3820, 90
87, 3830, 90
87, 3840, 90
87, 3850, 89
87, 3860, 89
87, 3870, 89
87, 3880, 89
87, 3890, 89
87, 3900, 89
87, 3910, 89
87, 3920, 89
87, 3930, 89
87, 3940, 89
87, 3950, 88
87, 3960, 88
90, 3970, 88
98, 3980, 91
100, 3990, 99
103, 4000, 101
106, 4010, 104
108, 4020, 107
110, 4030, 109
113, 4040, 110
114, 4050, 113
117, 4060, 114
123, 4070, 117
130, 4080, 123
130, 4090, 130
131, 4098, 130
0, 0, 0
0, 10, 0
0, 20, 0
2, 30, 0
6, 40, 80
15, 50, 67
24, 60, 75
32, 70, 84
32, 80, 64
33, 90, 61
34, 100, 61
34, 110, 58
35, 120, 59
36, 130, 54
39, 140, 55
42, 150, 59
44, 160, 66
45, 170, 64
47, 180, 70
52, 190, 68
56, 200, 71
60, 210, 76
61, 220, 86
61, 230, 90
62, 240, 89
62, 250, 93
63, 260, 90
65, 270, 84
65, 280, 90
65, 290, 88
65, 300, 87
65, 310, 84
65, 320, 86
65, 330, 86
66, 340, 85
67, 350, 87
68, 360, 87
70, 370, 89
72, 380, 93
74, 390, 97
74, 400, 99
74, 410, 97
75, 420, 94
75, 430, 99
75, 440, 98
75, 450, 95
75, 460, 94
75, 470, 93
75, 480, 95
78, 490, 93
79, 500, 94
79, 510, 96
79, 520, 92
80, 530, 92
80, 540, 94
81, 550, 95
81, 560, 96
81, 570, 98
82, 580, 100
82, 590, 104
82, 600, 103
82, 610, 101
82, 620, 101
83, 630, 100
84, 640, 101
84, 650, 101
84, 660, 100
84, 670, 101
84, 680, 100
84, 690, 99
84, 700, 98
84, 710, 98
85, 720, 97
85, 730, 99
85, 740, 99
85, 750, 98
86, 760, 97
86, 770, 98
86, 780, 97
86, 790, 97
86, 800, 97
86, 810, 96
86, 820, 96
86, 830, 95
87, 840, 95
87, 850, 95
88, 860, 96
88, 870, 96
88, 880, 97
89, 890, 96
89, 900, 97
90, 910, 96
90, 920, 98
90, 930, 97
90, 940, 97
91, 950, 97
91, 960, 97
91, 970, 98
92, 980, 97
92, 990, 98
93, 1000, 98
93, 1010, 99
93, 1020, 99
94, 1030, 98
94, 1040, 99
95, 1050, 99
95, 1060, 101
95, 1070, 100
95, 1080, 100
95, 1090, 100
95, 1100, 100
95, 1110, 99
96, 1120, 99
97, 1130, 100
97, 1140, 101
97, 1150, 102
97, 1160, 102
97, 1170, 101
98, 1180, 101
98, 1190, 102
98, 1200, 102
98, 1210, 102
98, 1220, 102
98, 1230, 102
98, 1240, 102
98, 1250, 102
98, 1260, 101
98, 1270, 101
98, 1280, 101
98, 1290, 101
98, 1300, 101
98, 1310, 101
99, 1320, 101
99, 1330, 102
99, 1340, 102
99, 1350, 102
99, 1360, 102
99, 1370, 102
99, 1380, 102
100, 1390, 102
100, 1400, 103
100, 1410, 103
100, 1420, 103
100, 1430, 103
100, 1440, 103
100, 1450, 103
101, 1460, 103
101, 1470, 104
101, 1480, 103
101, 1490, 103
102, 1500, 103
103, 1510, 104
103, 1520, 105
104, 1530, 105
104, 1540, 106
105, 1550, 106
106, 1560, 107
106, 1570, 108
106, 1580, 108
106, 1590, 108
108, 1600, 108
108, 1610, 110
109, 1620, 110
109, 1630, 111
109, 1640, 111
109, 1650, 111
109, 1660, 111
109, 1670, 110
109, 1680, 110
110, 1690, 111
110, 1700, 112
110, 1710, 112
110, 1720, 111
110, 1730, 112
110, 1740, 112
111, 1750, 112
111, 1760, 112
111, 1770, 113
111, 1780, 112
111, 1790, 112
112, 1800, 112
113, 1810, 113
114, 1820, 114
115, 1830, 115
115, 1840, 116
115, 1850, 116
115, 1860, 117
115, 1870, 116
115, 1880, 116
116, 1890, 116
116, 1900, 117
116, 1910, 117
116, 1920, 118
116, 1930, 117
116, 1940, 117
116, 1950, 117
116, 1960, 117
116, 1970, 117
116, 1980, 117
116, 1990, 117
116, 2000, 117
116, 2010, 117
116, 2020, 117
116, 2030, 117
116, 2040, 117
116, 2050, 117
116, 2060, 117
117, 2070, 117
117, 2080, 118
117, 2090, 118
117, 2100, 118
117, 2110, 118
117, 2120, 118
117, 2130, 118
117, 2140, 118
117, 2150, 118
117, 2160, 118
117, 2170, 118
117, 2180, 118
117, 2190, 118
118, 2200, 118
118, 2210, 119
118, 2220, 119
118, 2230, 119
118, 2240, 119
118, 2250, 119
118, 2260, 119
118, 2270, 118
120, 2280, 119
120, 2290, 121
120, 2300, 121
120, 2310, 121
120, 2320, 120
120, 2330, 120
120, 2340, 121
120, 2350, 121
120, 2360, 121
121, 2370, 121
121, 2380, 122
121, 2390, 122
121, 2400, 122
121, 2410, 121
122, 2420, 121
122, 2430, 123
122, 2440, 123
122, 2450, 122
122, 2460, 122
122, 2470, 122
122, 2480, 122
122, 2490, 122
123, 2500, 123
123, 2510, 123
123, 2520, 123
123, 2530, 124
123, 2540, 124
123, 2550, 124
123, 2560, 124
123, 2570, 124
124, 2580, 124
124, 2590, 125
124, 2600, 125
124, 2610, 125
124, 2620, 125
124, 2630, 125
125, 2640, 125
125, 2650, 126
125, 2660, 126
125, 2670, 126
125, 2680, 126
125, 2690, 126
125, 2700, 126
125, 2710, 126
125, 2720, 126
125, 2730, 126
125, 2740, 126
125, 2750, 126
125, 2760, 126
125, 2770, 126
125, 2780, 126
125, 2790, 126
125, 2800, 126
125, 2810, 126
125, 2820, 126
125, 2830, 126
125, 2840, 126
125, 2850, 125
125, 2860, 125
125, 2870, 126
125, 2880, 126
125, 2890, 125
125, 2900, 125
125, 2910, 125
125, 2920, 125
125, 2930, 125
125, 2940, 125
125, 2950, 125
125, 2960, 125
125, 2970, 125
126, 2980, 125
126, 2990, 126
126, 3000, 126
126, 3010, 126
126, 3020, 126
126, 3030, 126
126, 3040, 126
127, 3050, 126
127, 3060, 127
127, 3070, 127
127, 3080, 127
127, 3090, 127
127, 3100, 127
127, 3110, 127
127, 3120, 127
127, 3130, 127
127, 3140, 127
127, 3150, 127
127, 3160, 127
127, 3170, 127
127, 3180, 127
127, 3190, 127
127, 3200, 127
127, 3210, 127
127, 3220, 127
127, 3230, 127
127, 3240, 127
127, 3250, 127
127, 3260, 127
127, 3270, 127
127, 3280, 127
127, 3290, 127
127, 3300, 127
127, 3310, 127
127, 3320, 127
127, 3330, 127
127, 3340, 127
127, 3350, 127
127, 3360, 127
127, 3370, 127
127, 3380, 127
127, 3390, 127
130, 3400, 127
130, 3410, 130
130, 3420, 130
130, 3430, 130
130, 3440, 130
130, 3450, 130
130, 3460, 130
130, 3470, 130
130, 3480, 130
130, 3490, 130
130, 3500, 130
130, 3510, 130
131, 3520, 130

------------------------------------------------------------
Sender: LSF System <lsfadmin@n2c1-1>
Subject: Job 223315: </share/tjmenzie/zyu9/miniconda2/bin/python2.7 runner.py exp_HPC 0> in cluster <henry2> Done

Job </share/tjmenzie/zyu9/miniconda2/bin/python2.7 runner.py exp_HPC 0> was submitted from host <login01> by user <zyu9> in cluster <henry2> at Fri Mar 15 14:39:53 2019.
Job was executed on host(s) <1*n2c1-1>, in queue <single_chassis>, as user <zyu9> in cluster <henry2> at Fri Mar 15 14:39:59 2019.
                            <1*n2c1-2>
</home/zyu9> was used as the home directory.
</home/zyu9/projects/Better-Est/src> was used as the working directory.
Started at Fri Mar 15 14:39:59 2019.
Terminated at Fri Mar 15 18:19:27 2019.
Results reported at Fri Mar 15 18:19:27 2019.

Your job looked like:

------------------------------------------------------------
# LSBATCH: User input
/share/tjmenzie/zyu9/miniconda2/bin/python2.7 runner.py exp_HPC 0
------------------------------------------------------------

Successfully completed.

Resource usage summary:

    CPU time :                                   13580.86 sec.
    Max Memory :                                 405.53 MB
    Average Memory :                             169.27 MB
    Total Requested Memory :                     -
    Delta Memory :                               -
    Max Swap :                                   1729 MB
    Max Processes :                              3
    Max Threads :                                15
    Run time :                                   13183 sec.
    Turnaround time :                            13174 sec.

The output (if any) is above this job summary.



PS:

Read file <./err/0.err.223315> for stderr output of this job.

