0, 0, 120
6, 10, 120
14, 20, 122
22, 30, 125
28, 40, 128
30, 50, 129
37, 60, 126
44, 70, 128
49, 80, 130
54, 90, 130
56, 100, 131
60, 110, 130
64, 120, 131
67, 130, 131
69, 140, 132
70, 150, 131
73, 160, 130
73, 170, 130
74, 180, 128
75, 190, 127
76, 200, 126
78, 210, 126
80, 220, 126
81, 230, 126
83, 240, 126
84, 250, 126
84, 260, 126
84, 270, 125
84, 280, 124
84, 290, 123
85, 300, 121
86, 310, 121
87, 320, 121
88, 330, 122
90, 340, 122
90, 350, 123
91, 360, 122
92, 370, 122
92, 380, 123
92, 390, 122
94, 400, 121
94, 410, 123
95, 420, 122
96, 430, 122
96, 440, 123
96, 450, 122
96, 460, 122
97, 470, 121
97, 480, 122
97, 490, 121
97, 500, 121
98, 510, 120
98, 520, 121
99, 530, 120
100, 540, 121
100, 550, 122
100, 560, 121
102, 570, 121
103, 580, 123
104, 590, 123
104, 600, 124
104, 610, 124
104, 620, 123
105, 630, 123
105, 640, 124
105, 650, 123
105, 660, 123
107, 670, 123
107, 680, 125
107, 690, 124
107, 700, 124
107, 710, 124
107, 720, 124
107, 730, 123
107, 740, 123
107, 750, 123
107, 760, 123
107, 770, 122
107, 780, 122
108, 790, 122
109, 800, 123
109, 810, 124
110, 820, 123
111, 830, 124
111, 840, 125
111, 850, 125
111, 860, 125
111, 870, 124
112, 880, 124
112, 890, 125
112, 900, 125
112, 910, 125
112, 920, 125
112, 930, 124
112, 940, 124
112, 950, 124
112, 960, 124
112, 970, 124
112, 980, 124
112, 990, 124
112, 1000, 123
112, 1010, 123
112, 1020, 123
112, 1030, 123
112, 1040, 123
112, 1050, 123
112, 1060, 123
112, 1070, 122
112, 1080, 122
112, 1090, 122
113, 1100, 122
113, 1110, 123
113, 1120, 123
113, 1130, 123
113, 1140, 123
113, 1150, 122
113, 1160, 122
113, 1170, 122
113, 1180, 122
113, 1190, 122
113, 1200, 122
113, 1210, 122
113, 1220, 122
113, 1230, 122
113, 1240, 121
113, 1250, 121
113, 1260, 121
113, 1270, 121
113, 1280, 121
113, 1290, 121
113, 1300, 121
113, 1310, 121
113, 1320, 121
113, 1330, 121
113, 1340, 120
113, 1350, 120
113, 1360, 120
113, 1370, 120
113, 1380, 120
113, 1390, 120
114, 1400, 120
114, 1410, 121
114, 1420, 121
114, 1430, 121
114, 1440, 121
114, 1450, 121
114, 1460, 120
114, 1470, 120
114, 1480, 120
114, 1490, 120
115, 1500, 120
116, 1510, 121
116, 1520, 122
116, 1530, 122
116, 1540, 122
116, 1550, 122
117, 1560, 122
117, 1570, 123
117, 1580, 123
117, 1590, 123
117, 1600, 123
117, 1610, 122
117, 1620, 122
117, 1630, 122
117, 1640, 122
117, 1650, 122
117, 1660, 122
117, 1670, 122
117, 1680, 122
117, 1690, 122
117, 1700, 122
117, 1710, 122
117, 1720, 122
117, 1730, 122
117, 1740, 122
117, 1750, 122
117, 1760, 122
117, 1770, 121
117, 1780, 121
117, 1790, 121
117, 1800, 121
117, 1810, 121
117, 1820, 121
117, 1830, 121
117, 1840, 121
117, 1850, 121
117, 1860, 121
117, 1870, 121
117, 1880, 121
117, 1890, 121
117, 1900, 121
117, 1910, 121
117, 1920, 121
117, 1930, 121
118, 1940, 121
118, 1950, 122
118, 1960, 122
118, 1970, 122
118, 1980, 122
118, 1990, 121
118, 2000, 121
118, 2010, 121
118, 2020, 121
118, 2030, 121
118, 2040, 121
118, 2050, 121
118, 2060, 121
118, 2070, 121
118, 2080, 121
118, 2090, 121
118, 2100, 121
118, 2110, 121
118, 2120, 121
118, 2130, 121
118, 2140, 121
119, 2150, 121
119, 2160, 122
119, 2170, 122
119, 2180, 122
119, 2190, 122
119, 2200, 122
119, 2210, 122
119, 2220, 122
119, 2230, 122
119, 2240, 122
119, 2250, 122
119, 2260, 122
119, 2270, 122
119, 2280, 122
119, 2290, 121
119, 2300, 121
119, 2310, 121
119, 2320, 121
119, 2330, 121
119, 2340, 121
119, 2350, 121
119, 2360, 121
119, 2370, 121
119, 2380, 121
119, 2390, 121
119, 2400, 121
119, 2410, 121
119, 2420, 121
119, 2430, 121
119, 2440, 121
119, 2450, 121
119, 2460, 121
119, 2470, 121
119, 2480, 121
119, 2490, 121
119, 2500, 121
119, 2510, 121
119, 2520, 121
119, 2530, 121
120, 2540, 121
120, 2550, 122
120, 2560, 122
120, 2570, 122
120, 2580, 122
120, 2590, 122
120, 2600, 122
120, 2610, 122
120, 2620, 122
120, 2630, 122
120, 2640, 122
120, 2650, 122
121, 2660, 122
121, 2670, 123
121, 2680, 122
121, 2690, 122
122, 2700, 122
122, 2710, 123
122, 2720, 123
122, 2730, 123
122, 2740, 123
122, 2750, 123
122, 2760, 123
122, 2770, 123
122, 2780, 123
122, 2790, 123
122, 2800, 123
122, 2810, 123
122, 2820, 123
122, 2830, 123
122, 2840, 123
122, 2850, 123
122, 2860, 123
122, 2870, 123
122, 2880, 123
122, 2890, 123
122, 2900, 123
122, 2910, 123
122, 2920, 123
122, 2930, 123
122, 2940, 123
122, 2950, 123
122, 2960, 123
122, 2970, 123
124, 2980, 123
126, 2990, 125
126, 3000, 127
126, 3010, 127
126, 3020, 127
126, 3030, 127
126, 3040, 127
126, 3050, 127
126, 3060, 127
126, 3070, 127
126, 3080, 127
126, 3090, 127
126, 3100, 127
126, 3110, 127
126, 3120, 127
126, 3130, 127
126, 3140, 127
126, 3150, 127
126, 3160, 127
126, 3170, 127
126, 3180, 127
126, 3190, 126
126, 3200, 126
126, 3210, 126
126, 3220, 126
126, 3230, 126
126, 3240, 126
126, 3250, 126
126, 3260, 126
127, 3270, 126
127, 3280, 127
127, 3290, 127
127, 3300, 127
127, 3310, 127
127, 3320, 127
129, 3330, 127
129, 3340, 129
130, 3350, 129
130, 3360, 130
130, 3370, 130
130, 3380, 130
130, 3390, 130
130, 3400, 130
131, 3410, 130
0, 0, 0
0, 10, 0
0, 20, 0
2, 30, 0
6, 40, 80
15, 50, 67
24, 60, 75
32, 70, 84
32, 80, 64
33, 90, 61
34, 100, 61
34, 110, 58
35, 120, 58
36, 130, 58
36, 140, 57
39, 150, 54
40, 160, 61
40, 170, 59
45, 180, 56
46, 190, 63
50, 200, 62
53, 210, 65
56, 220, 69
58, 230, 70
59, 240, 74
61, 250, 72
62, 260, 74
62, 270, 72
63, 280, 70
64, 290, 72
64, 300, 71
64, 310, 71
64, 320, 72
64, 330, 70
66, 340, 72
66, 350, 73
67, 360, 73
68, 370, 73
68, 380, 76
68, 390, 75
69, 400, 74
70, 410, 75
70, 420, 75
70, 430, 74
70, 440, 76
71, 450, 76
71, 460, 75
72, 470, 75
72, 480, 76
72, 490, 76
72, 500, 78
73, 510, 76
73, 520, 77
73, 530, 77
73, 540, 76
73, 550, 77
75, 560, 76
77, 570, 79
77, 580, 81
79, 590, 81
79, 600, 83
80, 610, 83
81, 620, 83
82, 630, 85
83, 640, 86
83, 650, 87
84, 660, 86
84, 670, 87
84, 680, 87
84, 690, 87
84, 700, 87
84, 710, 87
84, 720, 86
85, 730, 86
86, 740, 87
86, 750, 89
86, 760, 88
86, 770, 88
86, 780, 88
87, 790, 88
87, 800, 89
87, 810, 88
87, 820, 89
87, 830, 88
87, 840, 88
87, 850, 88
87, 860, 89
87, 870, 89
87, 880, 88
89, 890, 88
89, 900, 90
89, 910, 90
90, 920, 90
90, 930, 92
90, 940, 91
90, 950, 91
90, 960, 91
90, 970, 91
90, 980, 91
91, 990, 91
91, 1000, 92
92, 1010, 92
92, 1020, 93
92, 1030, 93
92, 1040, 93
92, 1050, 93
92, 1060, 93
92, 1070, 93
92, 1080, 93
93, 1090, 93
95, 1100, 94
95, 1110, 96
95, 1120, 96
95, 1130, 96
96, 1140, 95
96, 1150, 97
96, 1160, 96
96, 1170, 96
97, 1180, 96
98, 1190, 97
98, 1200, 98
98, 1210, 98
98, 1220, 98
98, 1230, 98
98, 1240, 98
98, 1250, 99
99, 1260, 98
99, 1270, 99
99, 1280, 99
99, 1290, 99
99, 1300, 99
99, 1310, 99
99, 1320, 99
99, 1330, 99
100, 1340, 99
100, 1350, 100
100, 1360, 100
101, 1370, 100
102, 1380, 101
102, 1390, 102
102, 1400, 102
102, 1410, 102
102, 1420, 102
102, 1430, 102
103, 1440, 102
103, 1450, 103
104, 1460, 103
104, 1470, 104
105, 1480, 104
106, 1490, 105
106, 1500, 107
106, 1510, 106
106, 1520, 106
107, 1530, 106
107, 1540, 107
108, 1550, 107
108, 1560, 108
108, 1570, 108
109, 1580, 108
109, 1590, 109
109, 1600, 109
109, 1610, 109
109, 1620, 109
109, 1630, 109
109, 1640, 109
109, 1650, 109
109, 1660, 109
109, 1670, 109
109, 1680, 109
109, 1690, 109
109, 1700, 109
109, 1710, 109
109, 1720, 109
110, 1730, 109
110, 1740, 110
110, 1750, 110
110, 1760, 110
110, 1770, 110
110, 1780, 110
110, 1790, 110
110, 1800, 110
110, 1810, 110
110, 1820, 110
111, 1830, 110
111, 1840, 111
111, 1850, 111
111, 1860, 111
111, 1870, 111
112, 1880, 111
112, 1890, 112
112, 1900, 112
112, 1910, 112
112, 1920, 112
112, 1930, 112
112, 1940, 112
112, 1950, 112
112, 1960, 112
112, 1970, 112
112, 1980, 112
112, 1990, 112
112, 2000, 112
112, 2010, 112
112, 2020, 112
112, 2030, 112
113, 2040, 112
114, 2050, 113
114, 2060, 114
114, 2070, 114
114, 2080, 114
114, 2090, 114
115, 2100, 114
115, 2110, 115
115, 2120, 115
115, 2130, 115
115, 2140, 115
116, 2150, 115
116, 2160, 116
117, 2170, 116
117, 2180, 117
117, 2190, 117
117, 2200, 117
117, 2210, 117
117, 2220, 117
117, 2230, 117
117, 2240, 117
117, 2250, 117
117, 2260, 117
117, 2270, 117
117, 2280, 117
117, 2290, 117
117, 2300, 117
117, 2310, 117
117, 2320, 117
117, 2330, 117
117, 2340, 117
117, 2350, 117
117, 2360, 117
118, 2370, 117
118, 2380, 118
118, 2390, 118
118, 2400, 118
119, 2410, 118
119, 2420, 119
120, 2430, 119
120, 2440, 120
120, 2450, 120
120, 2460, 120
120, 2470, 120
120, 2480, 120
120, 2490, 120
120, 2500, 120
120, 2510, 120
121, 2520, 120
121, 2530, 121
121, 2540, 121
121, 2550, 121
121, 2560, 121
122, 2570, 121
122, 2580, 122
122, 2590, 122
124, 2600, 122
124, 2610, 125
124, 2620, 125
124, 2630, 125
124, 2640, 125
124, 2650, 125
124, 2660, 125
124, 2670, 125
124, 2680, 124
124, 2690, 124
124, 2700, 124
124, 2710, 124
125, 2720, 124
125, 2730, 125
125, 2740, 125
125, 2750, 125
125, 2760, 125
125, 2770, 125
125, 2780, 125
125, 2790, 125
125, 2800, 125
125, 2810, 125
125, 2820, 125
125, 2830, 125
125, 2840, 126
125, 2850, 126
125, 2860, 127
125, 2870, 127
125, 2880, 127
125, 2890, 126
125, 2900, 126
125, 2910, 126
125, 2920, 125
125, 2930, 126
125, 2940, 126
126, 2950, 126
126, 2960, 127
127, 2970, 127
127, 2980, 128
127, 2990, 128
127, 3000, 128
127, 3010, 128
127, 3020, 128
127, 3030, 128
128, 3040, 128
128, 3050, 129
128, 3060, 129
129, 3070, 128
129, 3080, 129
129, 3090, 129
130, 3100, 129
131, 3110, 130

------------------------------------------------------------
Sender: LSF System <lsfadmin@n2e1-7>
Subject: Job 360688: </share/tjmenzie/zyu9/miniconda2/bin/python2.7 runner.py exp_HPC 0> in cluster <henry2> Done

Job </share/tjmenzie/zyu9/miniconda2/bin/python2.7 runner.py exp_HPC 0> was submitted from host <login01> by user <zyu9> in cluster <henry2> at Thu Mar 21 10:23:06 2019.
Job was executed on host(s) <2*n2e1-7>, in queue <single_chassis>, as user <zyu9> in cluster <henry2> at Thu Mar 21 10:23:10 2019.
</home/zyu9> was used as the home directory.
</home/zyu9/projects/Better-Est/src> was used as the working directory.
Started at Thu Mar 21 10:23:10 2019.
Terminated at Thu Mar 21 13:42:37 2019.
Results reported at Thu Mar 21 13:42:37 2019.

Your job looked like:

------------------------------------------------------------
# LSBATCH: User input
/share/tjmenzie/zyu9/miniconda2/bin/python2.7 runner.py exp_HPC 0
------------------------------------------------------------

Successfully completed.

Resource usage summary:

    CPU time :                                   12378.43 sec.
    Max Memory :                                 401.85 MB
    Average Memory :                             165.39 MB
    Total Requested Memory :                     -
    Delta Memory :                               -
    Max Swap :                                   1457 MB
    Max Processes :                              3
    Max Threads :                                11
    Run time :                                   11975 sec.
    Turnaround time :                            11971 sec.

The output (if any) is above this job summary.



PS:

Read file <./err/0.err.360688> for stderr output of this job.

