0, 0, 282
8, 10, 282
18, 20, 284
28, 30, 289
38, 40, 293
48, 50, 297
56, 60, 301
66, 70, 304
76, 80, 308
86, 90, 314
96, 100, 318
106, 110, 323
116, 120, 328
125, 130, 332
133, 140, 337
143, 150, 340
148, 160, 344
148, 170, 344
149, 180, 340
158, 190, 336
168, 200, 340
177, 210, 344
186, 220, 348
195, 230, 353
203, 240, 356
213, 250, 360
223, 260, 364
230, 270, 369
233, 280, 371
237, 290, 369
240, 300, 368
243, 310, 366
253, 320, 364
256, 330, 370
258, 340, 369
262, 350, 368
266, 360, 369
268, 370, 369
269, 380, 368
273, 390, 367
275, 400, 368
277, 410, 368
278, 420, 367
285, 430, 366
286, 440, 371
291, 450, 370
291, 460, 373
292, 470, 372
292, 480, 371
292, 490, 369
292, 500, 367
296, 510, 366
297, 520, 369
302, 530, 368
303, 540, 373
303, 550, 372
304, 560, 371
306, 570, 371
306, 580, 372
306, 590, 371
306, 600, 370
306, 610, 369
306, 620, 368
307, 630, 367
308, 640, 367
308, 650, 368
309, 660, 367
309, 670, 367
309, 680, 366
309, 690, 366
309, 700, 365
310, 710, 364
310, 720, 365
310, 730, 364
310, 740, 363
311, 750, 363
312, 760, 363
316, 770, 364
319, 780, 367
321, 790, 370
321, 800, 372
322, 810, 371
322, 820, 372
324, 830, 371
324, 840, 373
326, 850, 372
326, 860, 374
327, 870, 374
327, 880, 374
327, 890, 374
327, 900, 373
327, 910, 373
327, 920, 372
327, 930, 372
327, 940, 372
327, 950, 371
327, 960, 371
327, 970, 370
327, 980, 370
327, 990, 370
327, 1000, 369
327, 1010, 369
327, 1020, 369
327, 1030, 368
327, 1040, 368
327, 1050, 368
328, 1060, 367
328, 1070, 368
330, 1080, 368
330, 1090, 370
330, 1100, 369
330, 1110, 369
330, 1120, 369
330, 1130, 368
330, 1140, 368
330, 1150, 368
330, 1160, 368
330, 1170, 367
331, 1180, 367
331, 1190, 368
331, 1200, 368
331, 1210, 367
332, 1220, 367
332, 1230, 368
332, 1240, 368
332, 1250, 368
332, 1260, 367
332, 1270, 367
332, 1280, 367
332, 1290, 367
332, 1300, 367
332, 1310, 366
332, 1320, 366
332, 1330, 366
332, 1340, 366
332, 1350, 366
332, 1360, 365
332, 1370, 365
332, 1380, 365
332, 1390, 365
332, 1400, 365
332, 1410, 364
332, 1420, 364
332, 1430, 364
332, 1440, 364
332, 1450, 364
332, 1460, 364
332, 1470, 363
332, 1480, 363
332, 1490, 363
332, 1500, 363
332, 1510, 363
332, 1520, 363
332, 1530, 363
332, 1540, 362
332, 1550, 362
332, 1560, 362
332, 1570, 362
332, 1580, 362
332, 1590, 362
332, 1600, 361
332, 1610, 361
332, 1620, 361
332, 1630, 361
332, 1640, 361
337, 1650, 361
337, 1660, 366
337, 1670, 366
337, 1680, 366
337, 1690, 366
337, 1700, 365
337, 1710, 365
337, 1720, 365
337, 1730, 365
337, 1740, 365
337, 1750, 365
337, 1760, 365
337, 1770, 365
337, 1780, 364
338, 1790, 364
338, 1800, 365
338, 1810, 365
338, 1820, 365
338, 1830, 365
338, 1840, 365
339, 1850, 365
340, 1860, 366
340, 1870, 367
340, 1880, 366
340, 1890, 366
340, 1900, 366
340, 1910, 366
340, 1920, 366
340, 1930, 366
340, 1940, 366
340, 1950, 366
340, 1960, 366
340, 1970, 366
340, 1980, 365
340, 1990, 365
340, 2000, 365
340, 2010, 365
340, 2020, 365
340, 2030, 365
340, 2040, 365
340, 2050, 365
340, 2060, 365
340, 2070, 365
340, 2080, 364
340, 2090, 364
340, 2100, 364
340, 2110, 364
340, 2120, 364
340, 2130, 364
340, 2140, 364
340, 2150, 364
340, 2160, 364
340, 2170, 364
340, 2180, 364
340, 2190, 364
340, 2200, 363
340, 2210, 363
340, 2220, 363
340, 2230, 363
340, 2240, 363
340, 2250, 363
340, 2260, 363
340, 2270, 363
340, 2280, 363
340, 2290, 363
340, 2300, 363
342, 2310, 362
343, 2320, 365
343, 2330, 366
344, 2340, 366
344, 2350, 367
344, 2360, 366
346, 2370, 366
346, 2380, 368
346, 2390, 368
346, 2400, 368
346, 2410, 368
346, 2420, 368
346, 2430, 368
346, 2440, 368
346, 2450, 368
346, 2460, 368
346, 2470, 368
346, 2480, 368
346, 2490, 368
346, 2500, 368
346, 2510, 368
346, 2520, 367
346, 2530, 367
346, 2540, 367
346, 2550, 367
346, 2560, 367
346, 2570, 367
346, 2580, 367
346, 2590, 367
346, 2600, 367
346, 2610, 367
346, 2620, 367
346, 2630, 367
346, 2640, 367
346, 2650, 367
346, 2660, 367
346, 2670, 367
346, 2680, 366
346, 2690, 366
346, 2700, 366
347, 2710, 366
347, 2720, 367
347, 2730, 367
347, 2740, 367
347, 2750, 367
347, 2760, 367
347, 2770, 367
347, 2780, 367
347, 2790, 367
347, 2800, 367
347, 2810, 367
347, 2820, 367
347, 2830, 367
347, 2840, 367
347, 2850, 367
347, 2860, 367
347, 2870, 366
347, 2880, 366
347, 2890, 366
347, 2900, 366
347, 2910, 366
347, 2920, 366
347, 2930, 366
347, 2940, 366
347, 2950, 366
347, 2960, 366
347, 2970, 366
347, 2980, 366
347, 2990, 366
347, 3000, 366
347, 3010, 366
347, 3020, 366
347, 3030, 366
347, 3040, 365
347, 3050, 365
347, 3060, 365
347, 3070, 365
347, 3080, 365
347, 3090, 365
347, 3100, 365
347, 3110, 365
347, 3120, 365
347, 3130, 365
347, 3140, 365
347, 3150, 365
347, 3160, 365
347, 3170, 365
347, 3180, 365
347, 3190, 365
347, 3200, 365
347, 3210, 365
347, 3220, 365
347, 3230, 364
347, 3240, 364
347, 3250, 364
347, 3260, 364
347, 3270, 364
347, 3280, 364
347, 3290, 364
347, 3300, 364
347, 3310, 364
347, 3320, 364
347, 3330, 364
347, 3340, 364
347, 3350, 364
347, 3360, 364
347, 3370, 364
347, 3380, 364
347, 3390, 364
347, 3400, 363
347, 3410, 363
347, 3420, 363
347, 3430, 363
347, 3440, 363
347, 3450, 363
347, 3460, 363
347, 3470, 363
347, 3480, 363
347, 3490, 363
347, 3500, 363
347, 3510, 363
347, 3520, 363
347, 3530, 363
347, 3540, 363
347, 3550, 363
347, 3560, 363
347, 3570, 363
347, 3580, 362
347, 3590, 362
347, 3600, 362
347, 3610, 362
347, 3620, 362
347, 3630, 362
347, 3640, 362
347, 3650, 362
347, 3660, 362
347, 3670, 362
347, 3680, 362
347, 3690, 362
347, 3700, 362
347, 3710, 362
347, 3720, 362
347, 3730, 362
347, 3740, 362
347, 3750, 362
347, 3760, 361
347, 3770, 361
347, 3780, 361
347, 3790, 361
347, 3800, 361
347, 3810, 361
347, 3820, 361
347, 3830, 361
347, 3840, 361
347, 3850, 361
347, 3860, 361
347, 3870, 361
347, 3880, 361
347, 3890, 361
347, 3900, 361
347, 3910, 361
347, 3920, 361
347, 3930, 361
347, 3940, 360
347, 3950, 360
347, 3960, 360
347, 3970, 360
347, 3980, 360
347, 3990, 360
347, 4000, 360
347, 4010, 360
347, 4020, 360
347, 4030, 360
347, 4040, 360
347, 4050, 360
347, 4060, 360
347, 4070, 360
347, 4080, 360
347, 4090, 360
347, 4100, 360
347, 4110, 360
347, 4120, 360
347, 4130, 359
347, 4140, 359
347, 4150, 359
347, 4160, 359
347, 4170, 359
347, 4180, 359
347, 4190, 359
347, 4200, 359
347, 4210, 359
347, 4220, 359
347, 4230, 359
347, 4240, 359
347, 4250, 359
347, 4260, 359
347, 4270, 359
347, 4280, 359
347, 4290, 359
347, 4300, 359
347, 4310, 358
347, 4320, 358
347, 4330, 358
347, 4340, 358
347, 4350, 358
347, 4360, 358
347, 4370, 358
347, 4380, 358
347, 4390, 358
347, 4400, 358
347, 4410, 358
347, 4420, 358
347, 4430, 358
347, 4440, 358
347, 4450, 358
347, 4460, 358
347, 4470, 358
347, 4480, 358
347, 4490, 358
347, 4500, 357
347, 4510, 357
347, 4520, 357
347, 4530, 357
347, 4540, 357
347, 4550, 357
347, 4560, 357
347, 4570, 357
347, 4580, 357
347, 4590, 357
347, 4600, 357
347, 4610, 357
347, 4620, 357
347, 4630, 357
347, 4640, 357
347, 4650, 357
347, 4660, 357
347, 4670, 357
347, 4680, 356
347, 4690, 356
347, 4700, 356
347, 4710, 356
347, 4720, 356
347, 4730, 356
347, 4740, 356
347, 4750, 356
347, 4760, 356
347, 4770, 356
347, 4780, 356
347, 4790, 356
347, 4800, 356
347, 4810, 356
347, 4820, 356
347, 4830, 356
347, 4840, 356
347, 4850, 356
347, 4860, 356
347, 4870, 355
347, 4880, 355
347, 4890, 355
347, 4900, 355
347, 4910, 355
347, 4920, 355
347, 4930, 355
347, 4940, 355
347, 4950, 355
347, 4960, 355
347, 4970, 355
347, 4980, 355
347, 4990, 355
347, 5000, 355
347, 5010, 355
347, 5020, 355
347, 5030, 355
347, 5040, 355
347, 5050, 355
347, 5060, 354
347, 5070, 354
347, 5080, 354
347, 5090, 354
347, 5100, 354
347, 5110, 354
347, 5120, 354
347, 5130, 354
347, 5140, 354
347, 5150, 354
347, 5160, 354
347, 5170, 354
347, 5180, 354
347, 5190, 354
347, 5200, 354
347, 5210, 354
347, 5220, 354
347, 5230, 354
347, 5240, 354
347, 5250, 353
347, 5260, 353
347, 5270, 353
347, 5280, 353
347, 5290, 353
347, 5300, 353
347, 5310, 353
347, 5320, 353
347, 5330, 353
347, 5340, 353
347, 5350, 353
347, 5360, 353
347, 5370, 353
347, 5380, 353
347, 5390, 353
347, 5400, 353
347, 5410, 353
347, 5420, 353
347, 5430, 353
347, 5440, 352
347, 5450, 352
347, 5460, 352
347, 5470, 352
347, 5480, 352
347, 5490, 352
347, 5500, 352
347, 5510, 352
347, 5520, 352
347, 5530, 352
347, 5540, 352
347, 5550, 352
347, 5560, 352
347, 5570, 352
347, 5580, 352
348, 5590, 352
348, 5600, 353
348, 5610, 353
348, 5620, 353
348, 5630, 353
349, 5640, 352
349, 5650, 353
349, 5660, 353
349, 5670, 353
349, 5680, 353
349, 5690, 353
349, 5700, 353
349, 5710, 353
349, 5720, 353
349, 5730, 353
350, 5740, 353
350, 5750, 354
350, 5760, 354
350, 5770, 354
350, 5780, 354
350, 5790, 354
351, 5800, 354
351, 5810, 355
351, 5820, 355
351, 5830, 355
352, 5840, 355
352, 5850, 356
352, 5860, 356
353, 5870, 356
353, 5880, 357
353, 5890, 357
353, 5900, 356
354, 5910, 356
354, 5920, 357
354, 5930, 357
354, 5940, 357
354, 5950, 357
354, 5960, 357
354, 5970, 357
354, 5980, 357
356, 5990, 357
356, 6000, 359
356, 6010, 359
356, 6020, 359
356, 6030, 359
356, 6040, 359
356, 6050, 359
356, 6060, 359
356, 6070, 359
356, 6080, 359
356, 6090, 359
357, 6100, 359
357, 6110, 360
357, 6120, 360
357, 6130, 360
357, 6140, 360
357, 6150, 360
357, 6160, 360
357, 6170, 360
357, 6180, 360
357, 6190, 360
357, 6200, 360
357, 6210, 359
357, 6220, 359
357, 6230, 359
357, 6240, 359
357, 6250, 359
357, 6260, 359
357, 6270, 359
357, 6280, 359
357, 6290, 359
357, 6300, 359
357, 6310, 359
357, 6320, 359
357, 6330, 359
357, 6340, 359
357, 6350, 359
357, 6360, 359
357, 6370, 359
357, 6380, 359
357, 6390, 359
357, 6400, 359
357, 6410, 359
357, 6420, 359
357, 6430, 359
357, 6440, 359
357, 6450, 359
357, 6460, 359
357, 6470, 359
357, 6480, 359
357, 6490, 359
357, 6500, 359
357, 6510, 359
357, 6520, 359
357, 6530, 359
357, 6540, 359
357, 6550, 359
357, 6560, 359
357, 6570, 359
357, 6580, 359
357, 6590, 358
357, 6600, 358
357, 6610, 358
357, 6620, 358
357, 6630, 358
357, 6640, 358
357, 6650, 358
357, 6660, 358
357, 6670, 358
357, 6680, 358
357, 6690, 358
357, 6700, 358
357, 6710, 358
357, 6720, 358
357, 6730, 358
357, 6740, 358
357, 6750, 358
357, 6760, 358
357, 6770, 358
357, 6780, 358
357, 6790, 358
357, 6800, 358
357, 6810, 358
357, 6820, 358
357, 6830, 358
357, 6840, 358
357, 6850, 358
358, 6860, 358
358, 6870, 359
358, 6880, 359
358, 6890, 359
359, 6900, 359
359, 6910, 360
359, 6920, 360
359, 6930, 360
359, 6940, 360
359, 6950, 360
359, 6960, 360
359, 6970, 360
359, 6980, 360
359, 6990, 360
360, 7000, 360
360, 7010, 361
360, 7020, 361
360, 7030, 361
361, 7040, 361
361, 7050, 361
361, 7060, 361
361, 7070, 361
361, 7080, 361
361, 7090, 361
361, 7100, 361
362, 7110, 361
362, 7120, 362
362, 7130, 362
362, 7140, 362
362, 7150, 362
362, 7160, 362
362, 7170, 362
362, 7180, 362
362, 7190, 362
362, 7200, 362
362, 7210, 362
362, 7220, 362
362, 7230, 362
362, 7240, 362
362, 7250, 362
362, 7260, 362
362, 7270, 362
362, 7280, 362
362, 7290, 362
362, 7300, 362
362, 7310, 362
362, 7320, 362
362, 7330, 362
362, 7340, 362
362, 7350, 362
362, 7360, 362
364, 7370, 362
369, 7380, 364
369, 7390, 369
370, 7400, 369
370, 7410, 370
370, 7420, 370
370, 7430, 370
370, 7440, 370
370, 7450, 370
370, 7460, 370
370, 7470, 370
370, 7480, 370
370, 7490, 370
370, 7500, 370
370, 7510, 370
370, 7520, 370
370, 7530, 370
370, 7540, 370
370, 7550, 370
371, 7560, 370
371, 7570, 371
371, 7580, 371
371, 7590, 371
372, 7600, 371
372, 7610, 372
373, 7620, 372
373, 7630, 373
373, 7640, 373
373, 7650, 373
373, 7660, 373
373, 7670, 373
373, 7680, 373
373, 7690, 373
373, 7700, 373
373, 7710, 373
373, 7720, 373
373, 7730, 373
373, 7740, 373
373, 7750, 373
373, 7760, 373
373, 7770, 373
373, 7780, 373
373, 7790, 373
373, 7800, 373
373, 7810, 373
373, 7820, 373
373, 7830, 373
373, 7840, 373
373, 7850, 373
373, 7860, 373
373, 7870, 373
373, 7880, 373
373, 7890, 373
373, 7900, 373
373, 7910, 373
373, 7920, 373
373, 7930, 373
373, 7940, 373
373, 7950, 373
373, 7960, 373
374, 7970, 373
0, 0, 0
1, 10, 0
1, 20, 126
1, 30, 106
1, 40, 114
1, 50, 114
2, 60, 108
10, 70, 92
19, 80, 75
29, 90, 92
39, 100, 113
39, 110, 112
43, 120, 145
53, 130, 174
63, 140, 217
73, 150, 239
83, 160, 207
90, 170, 305
99, 180, 318
109, 190, 331
118, 200, 364
128, 210, 375
137, 220, 405
147, 230, 386
157, 240, 456
167, 250, 459
175, 260, 480
185, 270, 521
193, 280, 560
203, 290, 586
211, 300, 570
221, 310, 602
229, 320, 637
238, 330, 655
248, 340, 683
255, 350, 676
256, 360, 710
256, 370, 734
256, 380, 708
258, 390, 704
258, 400, 655
258, 410, 711
258, 420, 665
259, 430, 663
259, 440, 631
259, 450, 650
259, 460, 650
259, 470, 616
261, 480, 625
261, 490, 604
261, 500, 591
261, 510, 559
261, 520, 577
261, 530, 558
261, 540, 531
261, 550, 563
261, 560, 512
261, 570, 533
261, 580, 538
261, 590, 522
261, 600, 525
261, 610, 532
263, 620, 511
264, 630, 507
267, 640, 511
267, 650, 483
268, 660, 496
269, 670, 498
270, 680, 469
278, 690, 481
285, 700, 508
285, 710, 510
286, 720, 494
286, 730, 482
286, 740, 469
287, 750, 470
287, 760, 468
287, 770, 430
287, 780, 459
287, 790, 437
287, 800, 443
287, 810, 444
288, 820, 431
288, 830, 443
288, 840, 450
288, 850, 433
288, 860, 426
288, 870, 417
288, 880, 400
289, 890, 419
289, 900, 398
290, 910, 399
291, 920, 406
292, 930, 393
292, 940, 412
292, 950, 373
292, 960, 391
292, 970, 371
299, 980, 387
299, 990, 402
299, 1000, 402
299, 1010, 385
299, 1020, 374
300, 1030, 374
300, 1040, 393
301, 1050, 376
302, 1060, 382
302, 1070, 374
303, 1080, 379
303, 1090, 365
303, 1100, 381
304, 1110, 375
306, 1120, 377
306, 1130, 382
307, 1140, 375
307, 1150, 378
307, 1160, 381
307, 1170, 364
308, 1180, 375
309, 1190, 374
309, 1200, 374
309, 1210, 363
309, 1220, 360
309, 1230, 367
311, 1240, 357
312, 1250, 360
312, 1260, 354
313, 1270, 354
314, 1280, 353
314, 1290, 349
314, 1300, 357
316, 1310, 350
318, 1320, 360
319, 1330, 361
319, 1340, 347
319, 1350, 354
319, 1360, 361
319, 1370, 357
323, 1380, 349
324, 1390, 352
324, 1400, 362
324, 1410, 357
325, 1420, 365
325, 1430, 362
325, 1440, 359
325, 1450, 355
325, 1460, 356
325, 1470, 360
325, 1480, 355
325, 1490, 360
325, 1500, 356
326, 1510, 358
327, 1520, 353
328, 1530, 356
329, 1540, 351
329, 1550, 352
329, 1560, 360
329, 1570, 359
336, 1580, 357
339, 1590, 368
339, 1600, 368
339, 1610, 360
339, 1620, 359
339, 1630, 365
340, 1640, 359
340, 1650, 361
340, 1660, 366
340, 1670, 365
340, 1680, 363
340, 1690, 362
340, 1700, 362
340, 1710, 361
340, 1720, 362
340, 1730, 357
341, 1740, 358
341, 1750, 359
341, 1760, 357
341, 1770, 359
341, 1780, 358
341, 1790, 361
341, 1800, 358
341, 1810, 359
341, 1820, 357
342, 1830, 358
342, 1840, 360
342, 1850, 356
342, 1860, 358
342, 1870, 359
342, 1880, 359
342, 1890, 359
342, 1900, 358
342, 1910, 354
342, 1920, 356
342, 1930, 357
342, 1940, 356
342, 1950, 354
342, 1960, 356
342, 1970, 355
342, 1980, 355
342, 1990, 358
342, 2000, 354
342, 2010, 355
342, 2020, 353
342, 2030, 355
343, 2040, 354
343, 2050, 356
343, 2060, 356
343, 2070, 357
343, 2080, 354
343, 2090, 356
343, 2100, 354
343, 2110, 352
343, 2120, 353
343, 2130, 353
343, 2140, 354
343, 2150, 354
343, 2160, 351
343, 2170, 354
344, 2180, 354
344, 2190, 354
344, 2200, 354
344, 2210, 354
344, 2220, 353
344, 2230, 354
344, 2240, 353
345, 2250, 355
345, 2260, 354
345, 2270, 352
345, 2280, 355
345, 2290, 353
345, 2300, 354
345, 2310, 352
345, 2320, 352
345, 2330, 354
345, 2340, 352
345, 2350, 353
346, 2360, 354
348, 2370, 355
348, 2380, 355
348, 2390, 356
348, 2400, 356
348, 2410, 355
348, 2420, 355
348, 2430, 352
348, 2440, 354
348, 2450, 354
348, 2460, 355
348, 2470, 355
348, 2480, 355
348, 2490, 354
348, 2500, 355
348, 2510, 355
348, 2520, 356
348, 2530, 354
348, 2540, 354
350, 2550, 354
350, 2560, 357
350, 2570, 358
350, 2580, 357
350, 2590, 358
350, 2600, 355
350, 2610, 357
350, 2620, 357
350, 2630, 355
350, 2640, 356
350, 2650, 355
350, 2660, 356
350, 2670, 355
350, 2680, 355
350, 2690, 356
350, 2700, 357
350, 2710, 355
350, 2720, 355
350, 2730, 355
350, 2740, 356
350, 2750, 355
350, 2760, 355
350, 2770, 354
350, 2780, 355
350, 2790, 354
350, 2800, 354
350, 2810, 354
350, 2820, 354
350, 2830, 353
350, 2840, 354
352, 2850, 354
352, 2860, 357
352, 2870, 356
352, 2880, 356
352, 2890, 355
352, 2900, 356
352, 2910, 356
352, 2920, 355
353, 2930, 354
353, 2940, 356
355, 2950, 357
357, 2960, 357
358, 2970, 360
359, 2980, 361
359, 2990, 362
359, 3000, 362
359, 3010, 363
359, 3020, 362
359, 3030, 362
359, 3040, 363
359, 3050, 362
359, 3060, 362
359, 3070, 361
359, 3080, 363
359, 3090, 362
359, 3100, 362
359, 3110, 361
360, 3120, 362
360, 3130, 362
360, 3140, 363
360, 3150, 363
360, 3160, 362
360, 3170, 362
360, 3180, 364
360, 3190, 363
360, 3200, 363
360, 3210, 363
360, 3220, 363
360, 3230, 363
360, 3240, 362
360, 3250, 363
360, 3260, 362
360, 3270, 362
360, 3280, 362
361, 3290, 362
361, 3300, 363
361, 3310, 363
361, 3320, 362
361, 3330, 363
361, 3340, 363
361, 3350, 363
361, 3360, 363
361, 3370, 363
361, 3380, 363
361, 3390, 363
361, 3400, 364
361, 3410, 363
361, 3420, 363
361, 3430, 363
361, 3440, 363
362, 3450, 362
362, 3460, 364
362, 3470, 364
362, 3480, 364
362, 3490, 364
362, 3500, 364
362, 3510, 364
362, 3520, 364
362, 3530, 363
362, 3540, 363
363, 3550, 364
363, 3560, 365
363, 3570, 365
363, 3580, 365
363, 3590, 364
363, 3600, 365
363, 3610, 365
363, 3620, 365
363, 3630, 365
363, 3640, 364
363, 3650, 365
363, 3660, 364
364, 3670, 365
365, 3680, 366
365, 3690, 366
365, 3700, 367
365, 3710, 367
365, 3720, 367
365, 3730, 367
365, 3740, 367
365, 3750, 367
365, 3760, 366
365, 3770, 367
365, 3780, 367
365, 3790, 366
365, 3800, 366
365, 3810, 366
365, 3820, 366
365, 3830, 366
365, 3840, 367
365, 3850, 366
365, 3860, 366
365, 3870, 366
365, 3880, 367
365, 3890, 366
365, 3900, 366
365, 3910, 366
365, 3920, 366
365, 3930, 366
365, 3940, 366
365, 3950, 367
365, 3960, 366
365, 3970, 366
365, 3980, 366
365, 3990, 366
365, 4000, 366
365, 4010, 366
365, 4020, 366
365, 4030, 366
365, 4040, 367
366, 4050, 367
366, 4060, 369
367, 4070, 369
367, 4080, 370
367, 4090, 370
367, 4100, 369
368, 4110, 369
368, 4120, 370
368, 4130, 370
368, 4140, 370
368, 4150, 370
368, 4160, 370
368, 4170, 370
368, 4180, 370
368, 4190, 370
368, 4200, 370
368, 4210, 370
368, 4220, 370
368, 4230, 370
368, 4240, 370
368, 4250, 370
368, 4260, 370
368, 4270, 371
368, 4280, 370
368, 4290, 370
368, 4300, 370
368, 4310, 370
368, 4320, 370
368, 4330, 370
368, 4340, 369
368, 4350, 369
368, 4360, 369
368, 4370, 369
368, 4380, 369
368, 4390, 369
368, 4400, 369
368, 4410, 369
368, 4420, 369
368, 4430, 369
368, 4440, 369
368, 4450, 369
368, 4460, 369
368, 4470, 369
368, 4480, 369
368, 4490, 369
368, 4500, 369
368, 4510, 369
368, 4520, 369
368, 4530, 369
368, 4540, 369
368, 4550, 369
368, 4560, 369
368, 4570, 369
368, 4580, 369
368, 4590, 369
369, 4600, 369
369, 4610, 370
369, 4620, 370
369, 4630, 369
371, 4640, 369
372, 4650, 371
372, 4660, 372
373, 4670, 372
373, 4680, 373
373, 4690, 373
373, 4700, 373
373, 4710, 373
373, 4720, 373
373, 4730, 373
373, 4740, 373
373, 4750, 373
373, 4760, 373
373, 4770, 373
373, 4780, 373
373, 4790, 373
373, 4800, 373
373, 4810, 373
373, 4820, 373
373, 4830, 373
373, 4840, 373
373, 4850, 373
373, 4860, 373
373, 4870, 373
373, 4880, 373
373, 4890, 373
373, 4900, 373
373, 4910, 373
373, 4920, 373
373, 4930, 373
373, 4940, 373
373, 4950, 373
373, 4960, 373
373, 4970, 373
374, 4980, 373

------------------------------------------------------------
Sender: LSF System <lsfadmin@n2e1-8>
Subject: Job 360689: </share/tjmenzie/zyu9/miniconda2/bin/python2.7 runner.py exp_HPC 1> in cluster <henry2> Done

Job </share/tjmenzie/zyu9/miniconda2/bin/python2.7 runner.py exp_HPC 1> was submitted from host <login01> by user <zyu9> in cluster <henry2> at Thu Mar 21 10:23:06 2019.
Job was executed on host(s) <2*n2e1-8>, in queue <single_chassis>, as user <zyu9> in cluster <henry2> at Thu Mar 21 10:23:10 2019.
</home/zyu9> was used as the home directory.
</home/zyu9/projects/Better-Est/src> was used as the working directory.
Started at Thu Mar 21 10:23:10 2019.
Terminated at Thu Mar 21 17:28:23 2019.
Results reported at Thu Mar 21 17:28:23 2019.

Your job looked like:

------------------------------------------------------------
# LSBATCH: User input
/share/tjmenzie/zyu9/miniconda2/bin/python2.7 runner.py exp_HPC 1
------------------------------------------------------------

Successfully completed.

Resource usage summary:

    CPU time :                                   27757.26 sec.
    Max Memory :                                 399.93 MB
    Average Memory :                             160.99 MB
    Total Requested Memory :                     -
    Delta Memory :                               -
    Max Swap :                                   1456 MB
    Max Processes :                              3
    Max Threads :                                11
    Run time :                                   25518 sec.
    Turnaround time :                            25517 sec.

The output (if any) is above this job summary.



PS:

Read file <./err/1.err.360689> for stderr output of this job.

