0, 0, 282
1, 10, 282
2, 20, 280
3, 30, 278
3, 40, 277
8, 50, 274
15, 60, 276
15, 70, 279
23, 80, 276
31, 90, 280
38, 100, 285
41, 110, 290
44, 120, 290
50, 130, 290
57, 140, 292
65, 150, 295
73, 160, 300
82, 170, 304
83, 180, 308
89, 190, 306
90, 200, 307
99, 210, 305
107, 220, 310
113, 230, 314
123, 240, 316
131, 250, 321
139, 260, 324
143, 270, 329
151, 280, 328
160, 290, 331
165, 300, 336
169, 310, 337
173, 320, 338
179, 330, 337
183, 340, 339
188, 350, 339
193, 360, 340
198, 370, 343
203, 380, 344
207, 390, 345
211, 400, 345
216, 410, 345
217, 420, 347
226, 430, 345
234, 440, 349
241, 450, 353
246, 460, 356
251, 470, 357
255, 480, 357
264, 490, 358
265, 500, 362
269, 510, 360
276, 520, 361
281, 530, 363
285, 540, 364
287, 550, 365
294, 560, 363
304, 570, 365
306, 580, 371
306, 590, 372
306, 600, 372
306, 610, 372
306, 620, 371
306, 630, 371
306, 640, 371
306, 650, 371
306, 660, 371
306, 670, 371
306, 680, 371
306, 690, 371
306, 700, 371
306, 710, 371
306, 720, 370
306, 730, 370
306, 740, 370
306, 750, 370
306, 760, 370
306, 770, 370
306, 780, 370
306, 790, 370
306, 800, 370
306, 810, 370
306, 820, 370
306, 830, 370
306, 840, 369
306, 850, 369
306, 860, 369
306, 870, 369
306, 880, 369
306, 890, 369
306, 900, 369
306, 910, 369
306, 920, 369
306, 930, 369
306, 940, 368
306, 950, 368
306, 960, 368
306, 970, 368
306, 980, 368
306, 990, 368
306, 1000, 368
306, 1010, 368
306, 1020, 368
306, 1030, 368
306, 1040, 368
306, 1050, 368
306, 1060, 368
306, 1070, 367
306, 1080, 367
306, 1090, 367
306, 1100, 367
306, 1110, 367
306, 1120, 367
306, 1130, 367
306, 1140, 367
306, 1150, 367
306, 1160, 367
306, 1170, 367
306, 1180, 367
306, 1190, 366
306, 1200, 366
306, 1210, 366
306, 1220, 366
306, 1230, 366
306, 1240, 366
306, 1250, 366
306, 1260, 366
306, 1270, 366
306, 1280, 365
306, 1290, 365
306, 1300, 365
306, 1310, 365
306, 1320, 365
306, 1330, 365
306, 1340, 365
306, 1350, 365
306, 1360, 365
306, 1370, 365
306, 1380, 364
306, 1390, 364
306, 1400, 364
306, 1410, 364
306, 1420, 364
306, 1430, 364
306, 1440, 364
306, 1450, 364
306, 1460, 364
306, 1470, 364
306, 1480, 364
306, 1490, 363
306, 1500, 363
306, 1510, 363
306, 1520, 363
306, 1530, 363
306, 1540, 363
306, 1550, 363
306, 1560, 363
306, 1570, 363
306, 1580, 363
306, 1590, 363
306, 1600, 363
306, 1610, 362
306, 1620, 362
306, 1630, 362
306, 1640, 362
306, 1650, 362
306, 1660, 362
306, 1670, 362
306, 1680, 362
306, 1690, 362
306, 1700, 362
306, 1710, 362
306, 1720, 362
306, 1730, 362
306, 1740, 361
306, 1750, 361
306, 1760, 361
306, 1770, 361
306, 1780, 361
306, 1790, 361
306, 1800, 361
306, 1810, 361
306, 1820, 361
306, 1830, 361
306, 1840, 360
306, 1850, 360
306, 1860, 360
306, 1870, 360
306, 1880, 360
306, 1890, 360
306, 1900, 360
306, 1910, 360
306, 1920, 360
306, 1930, 360
306, 1940, 360
306, 1950, 360
306, 1960, 359
306, 1970, 359
306, 1980, 359
306, 1990, 359
306, 2000, 359
306, 2010, 359
306, 2020, 359
306, 2030, 359
306, 2040, 359
306, 2050, 359
306, 2060, 359
306, 2070, 359
306, 2080, 359
306, 2090, 359
306, 2100, 358
306, 2110, 358
306, 2120, 358
306, 2130, 358
306, 2140, 358
306, 2150, 358
306, 2160, 358
306, 2170, 358
306, 2180, 358
306, 2190, 358
306, 2200, 358
306, 2210, 358
306, 2220, 357
306, 2230, 357
306, 2240, 357
306, 2250, 357
306, 2260, 357
306, 2270, 357
306, 2280, 357
306, 2290, 357
306, 2300, 357
306, 2310, 357
306, 2320, 357
306, 2330, 357
306, 2340, 357
306, 2350, 357
306, 2360, 357
306, 2370, 356
306, 2380, 356
306, 2390, 356
306, 2400, 356
306, 2410, 356
306, 2420, 356
306, 2430, 356
306, 2440, 356
306, 2450, 356
306, 2460, 356
306, 2470, 355
306, 2480, 355
306, 2490, 355
306, 2500, 355
306, 2510, 355
306, 2520, 355
306, 2530, 355
306, 2540, 355
306, 2550, 355
306, 2560, 355
306, 2570, 355
306, 2580, 355
306, 2590, 354
306, 2600, 354
306, 2610, 354
306, 2620, 354
306, 2630, 354
306, 2640, 354
306, 2650, 354
306, 2660, 354
306, 2670, 353
306, 2680, 353
306, 2690, 353
306, 2700, 353
306, 2710, 353
306, 2720, 353
306, 2730, 353
306, 2740, 353
306, 2750, 353
306, 2760, 353
306, 2770, 352
306, 2780, 352
306, 2790, 352
306, 2800, 352
306, 2810, 352
306, 2820, 352
306, 2830, 352
306, 2840, 352
306, 2850, 352
306, 2860, 352
306, 2870, 352
306, 2880, 352
306, 2890, 351
306, 2900, 351
306, 2910, 351
306, 2920, 351
306, 2930, 351
306, 2940, 351
306, 2950, 351
306, 2960, 351
306, 2970, 351
306, 2980, 350
306, 2990, 350
306, 3000, 350
306, 3010, 350
306, 3020, 350
306, 3030, 350
306, 3040, 350
306, 3050, 349
306, 3060, 349
306, 3070, 349
306, 3080, 349
306, 3090, 349
306, 3100, 349
306, 3110, 349
306, 3120, 349
306, 3130, 349
306, 3140, 349
306, 3150, 349
306, 3160, 349
306, 3170, 348
306, 3180, 348
306, 3190, 348
306, 3200, 348
306, 3210, 348
306, 3220, 348
306, 3230, 348
306, 3240, 348
306, 3250, 348
306, 3260, 347
306, 3270, 347
306, 3280, 347
306, 3290, 347
306, 3300, 347
306, 3310, 347
306, 3320, 347
306, 3330, 347
306, 3340, 347
306, 3350, 347
306, 3360, 347
306, 3370, 347
306, 3380, 346
306, 3390, 346
306, 3400, 346
306, 3410, 346
306, 3420, 346
306, 3430, 346
306, 3440, 346
306, 3450, 346
306, 3460, 345
306, 3470, 345
306, 3480, 345
306, 3490, 345
306, 3500, 345
306, 3510, 345
306, 3520, 345
306, 3530, 345
306, 3540, 345
306, 3550, 345
306, 3560, 345
306, 3570, 344
306, 3580, 344
306, 3590, 344
306, 3600, 344
306, 3610, 344
306, 3620, 344
306, 3630, 344
306, 3640, 344
306, 3650, 344
306, 3660, 344
306, 3670, 344
306, 3680, 344
306, 3690, 344
306, 3700, 344
306, 3710, 343
306, 3720, 343
306, 3730, 343
306, 3740, 343
306, 3750, 343
306, 3760, 343
306, 3770, 343
306, 3780, 343
306, 3790, 343
306, 3800, 342
306, 3810, 342
306, 3820, 342
306, 3830, 342
306, 3840, 342
306, 3850, 342
306, 3860, 342
306, 3870, 342
306, 3880, 342
306, 3890, 342
306, 3900, 342
306, 3910, 342
306, 3920, 341
306, 3930, 341
306, 3940, 341
306, 3950, 341
306, 3960, 341
306, 3970, 341
306, 3980, 341
306, 3990, 341
306, 4000, 341
306, 4010, 341
306, 4020, 341
306, 4030, 341
306, 4040, 341
306, 4050, 340
306, 4060, 340
306, 4070, 340
306, 4080, 340
306, 4090, 340
306, 4100, 340
306, 4110, 340
306, 4120, 340
306, 4130, 340
306, 4140, 340
306, 4150, 340
306, 4160, 339
306, 4170, 339
306, 4180, 339
306, 4190, 339
306, 4200, 339
306, 4210, 339
306, 4220, 339
306, 4230, 339
306, 4240, 339
306, 4250, 339
306, 4260, 339
306, 4270, 339
306, 4280, 338
306, 4290, 338
306, 4300, 338
306, 4310, 338
306, 4320, 338
306, 4330, 338
306, 4340, 338
306, 4350, 338
306, 4360, 338
306, 4370, 338
306, 4380, 338
306, 4390, 337
306, 4400, 337
306, 4410, 337
306, 4420, 337
306, 4430, 337
306, 4440, 337
306, 4450, 337
306, 4460, 337
306, 4470, 337
306, 4480, 337
306, 4490, 337
306, 4500, 337
306, 4510, 337
306, 4520, 337
306, 4530, 336
306, 4540, 336
306, 4550, 336
306, 4560, 336
306, 4570, 336
306, 4580, 336
306, 4590, 336
306, 4600, 336
306, 4610, 336
306, 4620, 335
306, 4630, 335
306, 4640, 335
306, 4650, 335
306, 4660, 335
306, 4670, 335
306, 4680, 335
306, 4690, 335
306, 4700, 335
306, 4710, 335
306, 4720, 335
306, 4730, 335
306, 4740, 335
306, 4750, 334
306, 4760, 334
306, 4770, 334
306, 4780, 334
306, 4790, 334
306, 4800, 334
306, 4810, 334
306, 4820, 334
306, 4830, 334
306, 4840, 334
306, 4850, 334
306, 4860, 333
306, 4870, 333
306, 4880, 333
306, 4890, 333
306, 4900, 333
306, 4910, 333
306, 4920, 333
306, 4930, 333
306, 4940, 333
306, 4950, 333
306, 4960, 333
306, 4970, 332
306, 4980, 332
306, 4990, 332
306, 5000, 332
306, 5010, 332
306, 5020, 332
306, 5030, 332
306, 5040, 332
306, 5050, 332
306, 5060, 332
306, 5070, 332
306, 5080, 332
306, 5090, 331
306, 5100, 331
306, 5110, 331
306, 5120, 331
306, 5130, 331
306, 5140, 331
306, 5150, 331
306, 5160, 331
306, 5170, 331
306, 5180, 331
306, 5190, 330
306, 5200, 330
306, 5210, 330
306, 5220, 330
306, 5230, 330
306, 5240, 330
306, 5250, 330
306, 5260, 330
306, 5270, 330
306, 5280, 330
306, 5290, 330
306, 5300, 330
306, 5310, 330
306, 5320, 329
306, 5330, 329
306, 5340, 329
306, 5350, 329
306, 5360, 329
306, 5370, 329
306, 5380, 329
306, 5390, 329
306, 5400, 329
306, 5410, 329
306, 5420, 329
306, 5430, 328
306, 5440, 328
306, 5450, 328
306, 5460, 328
306, 5470, 328
306, 5480, 328
306, 5490, 328
306, 5500, 328
306, 5510, 328
306, 5520, 328
306, 5530, 328
306, 5540, 328
306, 5550, 328
306, 5560, 328
306, 5570, 327
306, 5580, 327
306, 5590, 327
306, 5600, 327
306, 5610, 327
306, 5620, 327
306, 5630, 327
306, 5640, 327
306, 5650, 327
306, 5660, 327
306, 5670, 327
306, 5680, 327
306, 5690, 327
306, 5700, 327
306, 5710, 327
306, 5720, 327
306, 5730, 326
306, 5740, 326
306, 5750, 326
306, 5760, 326
306, 5770, 326
306, 5780, 326
306, 5790, 326
306, 5800, 326
306, 5810, 326
306, 5820, 326
306, 5830, 326
306, 5840, 326
306, 5850, 326
306, 5860, 326
306, 5870, 325
306, 5880, 325
306, 5890, 325
306, 5900, 325
306, 5910, 325
306, 5920, 325
306, 5930, 325
306, 5940, 325
306, 5950, 325
306, 5960, 325
306, 5970, 325
306, 5980, 325
306, 5990, 324
306, 6000, 324
306, 6010, 324
306, 6020, 324
306, 6030, 324
306, 6040, 324
306, 6050, 324
306, 6060, 324
306, 6070, 324
306, 6080, 324
306, 6090, 324
306, 6100, 323
306, 6110, 323
306, 6120, 323
306, 6130, 323
306, 6140, 323
306, 6150, 323
306, 6160, 323
306, 6170, 323
306, 6180, 323
306, 6190, 323
306, 6200, 323
306, 6210, 323
306, 6220, 322
306, 6230, 322
306, 6240, 322
306, 6250, 322
306, 6260, 322
306, 6270, 322
306, 6280, 322
306, 6290, 322
306, 6300, 322
306, 6310, 322
306, 6320, 322
306, 6330, 322
306, 6340, 322
306, 6350, 322
306, 6360, 321
306, 6370, 321
306, 6380, 321
306, 6390, 321
306, 6400, 321
306, 6410, 321
306, 6420, 321
306, 6430, 321
306, 6440, 321
306, 6450, 321
306, 6460, 321
306, 6470, 321
306, 6480, 320
306, 6490, 320
306, 6500, 320
306, 6510, 320
306, 6520, 320
306, 6530, 320
306, 6540, 320
306, 6550, 320
306, 6560, 320
306, 6570, 319
306, 6580, 319
306, 6590, 319
306, 6600, 319
306, 6610, 319
306, 6620, 319
306, 6630, 319
306, 6640, 319
306, 6650, 319
306, 6660, 319
306, 6670, 319
306, 6680, 319
306, 6690, 319
306, 6700, 318
306, 6710, 318
306, 6720, 318
306, 6730, 318
306, 6740, 318
306, 6750, 318
306, 6760, 318
306, 6770, 318
306, 6780, 318
306, 6790, 317
306, 6800, 317
306, 6810, 317
306, 6820, 317
306, 6830, 317
306, 6840, 317
306, 6850, 317
306, 6860, 317
306, 6870, 317
306, 6880, 317
306, 6890, 317
306, 6900, 317
306, 6910, 317
306, 6920, 316
306, 6930, 316
306, 6940, 316
306, 6950, 316
306, 6960, 316
306, 6970, 316
306, 6980, 316
306, 6990, 316
306, 7000, 316
306, 7010, 315
306, 7020, 315
306, 7030, 315
306, 7040, 315
306, 7050, 315
306, 7060, 315
306, 7070, 315
306, 7080, 315
306, 7090, 315
306, 7100, 315
306, 7110, 315
306, 7120, 314
306, 7130, 314
306, 7140, 314
306, 7150, 314
306, 7160, 314
306, 7170, 314
306, 7180, 314
306, 7190, 314
306, 7200, 314
306, 7210, 314
306, 7220, 314
306, 7230, 313
306, 7240, 313
306, 7250, 313
306, 7260, 313
306, 7270, 313
306, 7280, 313
306, 7290, 313
306, 7300, 313
306, 7310, 313
306, 7320, 313
306, 7330, 312
306, 7340, 312
306, 7350, 312
306, 7360, 312
306, 7370, 312
306, 7380, 312
306, 7390, 312
306, 7400, 312
306, 7410, 312
306, 7420, 312
306, 7430, 312
306, 7440, 312
306, 7450, 311
306, 7460, 311
306, 7470, 311
306, 7480, 311
306, 7490, 311
306, 7500, 311
306, 7510, 311
306, 7520, 311
306, 7530, 311
306, 7540, 311
306, 7550, 311
306, 7560, 311
306, 7570, 310
306, 7580, 310
306, 7590, 310
306, 7600, 310
306, 7610, 310
306, 7620, 310
306, 7630, 310
306, 7640, 310
306, 7650, 310
306, 7660, 310
306, 7670, 310
306, 7680, 310
306, 7690, 309
306, 7700, 309
306, 7710, 309
306, 7720, 309
306, 7730, 309
306, 7740, 309
306, 7750, 309
306, 7760, 309
306, 7770, 309
306, 7780, 309
306, 7790, 309
306, 7800, 308
306, 7810, 308
306, 7820, 308
306, 7830, 308
307, 7840, 308
307, 7850, 309
308, 7860, 309
311, 7870, 310
315, 7880, 313
318, 7890, 317
322, 7900, 320
327, 7910, 323
330, 7920, 328
333, 7930, 331
341, 7940, 334
344, 7950, 342
347, 7960, 345
349, 7970, 348
351, 7980, 349
354, 7990, 351
355, 8000, 354
356, 8010, 355
362, 8020, 356
366, 8030, 362
373, 8040, 366
373, 8050, 373
374, 8057, 373
0, 0, 0
1, 10, 0
1, 20, 126
1, 30, 106
1, 40, 114
1, 50, 114
2, 60, 108
10, 70, 92
19, 80, 75
29, 90, 92
39, 100, 113
39, 110, 112
43, 120, 145
53, 130, 174
63, 140, 217
73, 150, 239
83, 160, 207
90, 170, 305
99, 180, 318
109, 190, 331
118, 200, 364
128, 210, 375
137, 220, 405
147, 230, 386
157, 240, 456
167, 250, 459
175, 260, 480
185, 270, 521
193, 280, 560
203, 290, 586
211, 300, 570
221, 310, 602
229, 320, 637
238, 330, 655
248, 340, 683
255, 350, 676
256, 360, 710
256, 370, 734
256, 380, 708
258, 390, 704
258, 400, 655
258, 410, 711
258, 420, 665
259, 430, 663
259, 440, 631
259, 450, 650
259, 460, 650
259, 470, 616
261, 480, 625
261, 490, 604
261, 500, 591
261, 510, 559
261, 520, 577
261, 530, 558
261, 540, 531
261, 550, 563
261, 560, 512
261, 570, 533
261, 580, 538
261, 590, 522
261, 600, 525
261, 610, 532
263, 620, 511
264, 630, 507
267, 640, 511
267, 650, 483
268, 660, 496
269, 670, 498
270, 680, 469
278, 690, 481
285, 700, 508
285, 710, 510
286, 720, 494
286, 730, 482
286, 740, 469
287, 750, 470
287, 760, 468
287, 770, 430
287, 780, 459
287, 790, 437
287, 800, 443
287, 810, 444
288, 820, 431
288, 830, 443
288, 840, 450
288, 850, 433
288, 860, 426
288, 870, 417
288, 880, 400
289, 890, 419
289, 900, 398
290, 910, 399
291, 920, 406
292, 930, 393
292, 940, 412
292, 950, 373
292, 960, 391
292, 970, 371
299, 980, 387
299, 990, 402
299, 1000, 402
299, 1010, 385
299, 1020, 374
300, 1030, 374
300, 1040, 393
301, 1050, 376
302, 1060, 382
302, 1070, 374
303, 1080, 379
303, 1090, 365
303, 1100, 381
304, 1110, 375
306, 1120, 377
306, 1130, 382
307, 1140, 375
307, 1150, 378
307, 1160, 381
307, 1170, 364
308, 1180, 375
309, 1190, 374
309, 1200, 374
309, 1210, 363
309, 1220, 360
309, 1230, 367
311, 1240, 357
312, 1250, 360
312, 1260, 354
313, 1270, 354
314, 1280, 353
314, 1290, 349
314, 1300, 357
316, 1310, 350
318, 1320, 360
319, 1330, 361
319, 1340, 347
319, 1350, 354
319, 1360, 361
319, 1370, 357
323, 1380, 349
324, 1390, 352
324, 1400, 362
324, 1410, 357
325, 1420, 365
325, 1430, 362
325, 1440, 359
325, 1450, 355
325, 1460, 356
325, 1470, 360
325, 1480, 355
325, 1490, 360
325, 1500, 356
326, 1510, 358
327, 1520, 353
328, 1530, 356
329, 1540, 351
329, 1550, 352
329, 1560, 360
329, 1570, 359
336, 1580, 357
339, 1590, 368
339, 1600, 368
339, 1610, 360
339, 1620, 359
339, 1630, 365
340, 1640, 359
340, 1650, 361
340, 1660, 366
340, 1670, 365
340, 1680, 363
340, 1690, 362
340, 1700, 362
340, 1710, 361
340, 1720, 362
340, 1730, 357
341, 1740, 358
341, 1750, 359
341, 1760, 357
341, 1770, 359
341, 1780, 358
341, 1790, 361
341, 1800, 358
341, 1810, 359
341, 1820, 357
342, 1830, 358
342, 1840, 360
342, 1850, 356
342, 1860, 358
342, 1870, 359
342, 1880, 359
342, 1890, 359
342, 1900, 358
342, 1910, 354
342, 1920, 356
342, 1930, 357
342, 1940, 356
342, 1950, 354
342, 1960, 356
342, 1970, 355
342, 1980, 355
342, 1990, 358
342, 2000, 354
342, 2010, 355
342, 2020, 353
342, 2030, 355
343, 2040, 354
343, 2050, 356
343, 2060, 356
343, 2070, 357
343, 2080, 354
343, 2090, 356
343, 2100, 354
343, 2110, 352
343, 2120, 353
343, 2130, 353
343, 2140, 354
343, 2150, 354
343, 2160, 351
343, 2170, 354
344, 2180, 354
344, 2190, 354
344, 2200, 354
344, 2210, 354
344, 2220, 353
344, 2230, 354
344, 2240, 353
345, 2250, 355
345, 2260, 354
345, 2270, 352
345, 2280, 355
345, 2290, 353
345, 2300, 354
345, 2310, 352
345, 2320, 352
345, 2330, 354
345, 2340, 352
345, 2350, 353
346, 2360, 354
348, 2370, 355
348, 2380, 355
348, 2390, 356
348, 2400, 356
348, 2410, 355
348, 2420, 355
348, 2430, 352
348, 2440, 354
348, 2450, 354
348, 2460, 355
348, 2470, 355
348, 2480, 355
348, 2490, 354
348, 2500, 355
348, 2510, 355
348, 2520, 356
348, 2530, 354
348, 2540, 354
350, 2550, 354
350, 2560, 357
350, 2570, 358
350, 2580, 357
350, 2590, 358
350, 2600, 355
350, 2610, 357
350, 2620, 357
350, 2630, 355
350, 2640, 356
350, 2650, 355
350, 2660, 356
350, 2670, 355
350, 2680, 355
350, 2690, 356
350, 2700, 357
350, 2710, 355
350, 2720, 355
350, 2730, 355
350, 2740, 356
350, 2750, 355
350, 2760, 355
350, 2770, 354
350, 2780, 355
350, 2790, 354
350, 2800, 354
350, 2810, 354
350, 2820, 354
350, 2830, 353
350, 2840, 354
352, 2850, 354
352, 2860, 357
352, 2870, 356
352, 2880, 356
352, 2890, 355
352, 2900, 356
352, 2910, 356
352, 2920, 355
353, 2930, 354
353, 2940, 356
355, 2950, 357
357, 2960, 357
358, 2970, 360
359, 2980, 361
359, 2990, 362
359, 3000, 362
359, 3010, 363
359, 3020, 362
359, 3030, 362
359, 3040, 363
359, 3050, 362
359, 3060, 362
359, 3070, 361
359, 3080, 363
359, 3090, 362
359, 3100, 362
359, 3110, 361
360, 3120, 362
360, 3130, 362
360, 3140, 363
360, 3150, 363
360, 3160, 362
360, 3170, 362
360, 3180, 364
360, 3190, 363
360, 3200, 363
360, 3210, 363
360, 3220, 363
360, 3230, 363
360, 3240, 362
360, 3250, 363
360, 3260, 362
360, 3270, 362
360, 3280, 362
361, 3290, 362
361, 3300, 363
361, 3310, 363
361, 3320, 362
361, 3330, 363
361, 3340, 363
361, 3350, 363
361, 3360, 363
361, 3370, 363
361, 3380, 363
361, 3390, 363
361, 3400, 364
361, 3410, 363
361, 3420, 363
361, 3430, 363
361, 3440, 363
362, 3450, 362
362, 3460, 364
362, 3470, 364
362, 3480, 364
362, 3490, 364
362, 3500, 364
362, 3510, 364
362, 3520, 364
362, 3530, 363
362, 3540, 363
363, 3550, 364
363, 3560, 365
363, 3570, 365
363, 3580, 365
363, 3590, 364
363, 3600, 365
363, 3610, 365
363, 3620, 365
363, 3630, 365
363, 3640, 364
363, 3650, 365
363, 3660, 364
364, 3670, 365
365, 3680, 366
365, 3690, 366
365, 3700, 367
365, 3710, 367
365, 3720, 367
365, 3730, 367
365, 3740, 367
365, 3750, 367
365, 3760, 366
365, 3770, 367
365, 3780, 367
365, 3790, 366
365, 3800, 366
365, 3810, 366
365, 3820, 366
365, 3830, 366
365, 3840, 367
365, 3850, 366
365, 3860, 366
365, 3870, 366
365, 3880, 367
365, 3890, 366
365, 3900, 366
365, 3910, 366
365, 3920, 366
365, 3930, 366
365, 3940, 366
365, 3950, 367
365, 3960, 366
365, 3970, 366
365, 3980, 366
365, 3990, 366
365, 4000, 366
365, 4010, 366
365, 4020, 366
365, 4030, 366
365, 4040, 367
366, 4050, 367
366, 4060, 369
367, 4070, 369
367, 4080, 370
367, 4090, 370
367, 4100, 369
368, 4110, 369
368, 4120, 370
368, 4130, 370
368, 4140, 370
368, 4150, 370
368, 4160, 370
368, 4170, 370
368, 4180, 370
368, 4190, 370
368, 4200, 370
368, 4210, 370
368, 4220, 370
368, 4230, 370
368, 4240, 370
368, 4250, 370
368, 4260, 370
368, 4270, 371
368, 4280, 370
368, 4290, 370
368, 4300, 370
368, 4310, 370
368, 4320, 370
368, 4330, 370
368, 4340, 369
368, 4350, 369
368, 4360, 369
368, 4370, 369
368, 4380, 369
368, 4390, 369
368, 4400, 369
368, 4410, 369
368, 4420, 369
368, 4430, 369
368, 4440, 369
368, 4450, 369
368, 4460, 369
368, 4470, 369
368, 4480, 369
368, 4490, 369
368, 4500, 369
368, 4510, 369
368, 4520, 369
368, 4530, 369
368, 4540, 369
368, 4550, 369
368, 4560, 369
368, 4570, 369
368, 4580, 369
368, 4590, 369
369, 4600, 369
369, 4610, 370
369, 4620, 370
369, 4630, 369
371, 4640, 369
372, 4650, 371
372, 4660, 372
373, 4670, 372
373, 4680, 373
373, 4690, 373
373, 4700, 373
373, 4710, 373
373, 4720, 373
373, 4730, 373
373, 4740, 373
373, 4750, 373
373, 4760, 373
373, 4770, 373
373, 4780, 373
373, 4790, 373
373, 4800, 373
373, 4810, 373
373, 4820, 373
373, 4830, 373
373, 4840, 373
373, 4850, 373
373, 4860, 373
373, 4870, 373
373, 4880, 373
373, 4890, 373
373, 4900, 373
373, 4910, 373
373, 4920, 373
373, 4930, 373
373, 4940, 373
373, 4950, 373
373, 4960, 373
373, 4970, 373
374, 4980, 373

------------------------------------------------------------
Sender: LSF System <lsfadmin@n2d2-12>
Subject: Job 248265: </share/tjmenzie/zyu9/miniconda2/bin/python2.7 runner.py exp_HPC 1> in cluster <henry2> Done

Job </share/tjmenzie/zyu9/miniconda2/bin/python2.7 runner.py exp_HPC 1> was submitted from host <login01> by user <zyu9> in cluster <henry2> at Sat Mar 16 09:20:05 2019.
Job was executed on host(s) <2*n2d2-12>, in queue <single_chassis>, as user <zyu9> in cluster <henry2> at Sat Mar 16 09:20:08 2019.
</home/zyu9> was used as the home directory.
</home/zyu9/projects/Better-Est/src> was used as the working directory.
Started at Sat Mar 16 09:20:08 2019.
Terminated at Sat Mar 16 16:31:35 2019.
Results reported at Sat Mar 16 16:31:35 2019.

Your job looked like:

------------------------------------------------------------
# LSBATCH: User input
/share/tjmenzie/zyu9/miniconda2/bin/python2.7 runner.py exp_HPC 1
------------------------------------------------------------

Successfully completed.

Resource usage summary:

    CPU time :                                   27263.69 sec.
    Max Memory :                                 397.65 MB
    Average Memory :                             160.54 MB
    Total Requested Memory :                     -
    Delta Memory :                               -
    Max Swap :                                   1454 MB
    Max Processes :                              3
    Max Threads :                                11
    Run time :                                   25896 sec.
    Turnaround time :                            25890 sec.

The output (if any) is above this job summary.



PS:

Read file <./err/1.err.248265> for stderr output of this job.

