0, 0, 282
1, 10, 282
2, 20, 280
3, 30, 278
3, 40, 277
8, 50, 274
15, 60, 276
15, 70, 279
23, 80, 276
31, 90, 280
38, 100, 285
41, 110, 290
44, 120, 290
50, 130, 290
57, 140, 292
65, 150, 295
73, 160, 300
82, 170, 304
83, 180, 308
89, 190, 306
90, 200, 307
99, 210, 305
107, 220, 310
113, 230, 314
123, 240, 316
131, 250, 321
139, 260, 324
143, 270, 329
151, 280, 328
160, 290, 331
165, 300, 336
169, 310, 337
173, 320, 338
179, 330, 337
183, 340, 339
188, 350, 339
193, 360, 340
198, 370, 343
203, 380, 344
207, 390, 345
211, 400, 345
216, 410, 345
217, 420, 347
226, 430, 345
234, 440, 349
241, 450, 353
246, 460, 356
251, 470, 357
255, 480, 357
264, 490, 358
265, 500, 362
269, 510, 360
276, 520, 361
281, 530, 363
285, 540, 364
287, 550, 365
294, 560, 363
304, 570, 365
306, 580, 371
306, 590, 372
306, 600, 372
306, 610, 372
306, 620, 371
306, 630, 371
306, 640, 371
306, 650, 371
306, 660, 371
306, 670, 371
306, 680, 371
306, 690, 371
306, 700, 371
306, 710, 371
306, 720, 370
306, 730, 370
306, 740, 370
306, 750, 370
306, 760, 370
306, 770, 370
306, 780, 370
306, 790, 370
306, 800, 370
306, 810, 370
306, 820, 370
306, 830, 370
306, 840, 369
306, 850, 369
306, 860, 369
306, 870, 369
306, 880, 369
306, 890, 369
306, 900, 369
306, 910, 369
306, 920, 369
306, 930, 369
306, 940, 368
306, 950, 368
306, 960, 368
306, 970, 368
306, 980, 368
306, 990, 368
306, 1000, 368
306, 1010, 368
306, 1020, 368
306, 1030, 368
306, 1040, 368
306, 1050, 368
306, 1060, 368
306, 1070, 367
306, 1080, 367
306, 1090, 367
306, 1100, 367
306, 1110, 367
306, 1120, 367
306, 1130, 367
306, 1140, 367
306, 1150, 367
306, 1160, 367
306, 1170, 367
306, 1180, 367
306, 1190, 366
306, 1200, 366
306, 1210, 366
306, 1220, 366
306, 1230, 366
306, 1240, 366
306, 1250, 366
306, 1260, 366
306, 1270, 366
306, 1280, 365
306, 1290, 365
306, 1300, 365
306, 1310, 365
306, 1320, 365
306, 1330, 365
306, 1340, 365
306, 1350, 365
306, 1360, 365
306, 1370, 365
306, 1380, 364
306, 1390, 364
306, 1400, 364
306, 1410, 364
306, 1420, 364
306, 1430, 364
306, 1440, 364
306, 1450, 364
306, 1460, 364
306, 1470, 364
306, 1480, 364
306, 1490, 363
306, 1500, 363
306, 1510, 363
306, 1520, 363
306, 1530, 363
306, 1540, 363
306, 1550, 363
306, 1560, 363
306, 1570, 363
306, 1580, 363
306, 1590, 363
306, 1600, 363
306, 1610, 362
306, 1620, 362
306, 1630, 362
306, 1640, 362
306, 1650, 362
306, 1660, 362
306, 1670, 362
306, 1680, 362
306, 1690, 362
306, 1700, 362
306, 1710, 362
306, 1720, 362
306, 1730, 362
306, 1740, 361
306, 1750, 361
306, 1760, 361
306, 1770, 361
306, 1780, 361
306, 1790, 361
306, 1800, 361
306, 1810, 361
306, 1820, 361
306, 1830, 361
306, 1840, 360
306, 1850, 360
306, 1860, 360
306, 1870, 360
306, 1880, 360
306, 1890, 360
306, 1900, 360
306, 1910, 360
306, 1920, 360
306, 1930, 360
306, 1940, 360
306, 1950, 360
306, 1960, 359
306, 1970, 359
306, 1980, 359
306, 1990, 359
306, 2000, 359
306, 2010, 359
306, 2020, 359
306, 2030, 359
306, 2040, 359
306, 2050, 359
306, 2060, 359
306, 2070, 359
306, 2080, 359
306, 2090, 359
306, 2100, 358
306, 2110, 358
306, 2120, 358
306, 2130, 358
306, 2140, 358
306, 2150, 358
306, 2160, 358
306, 2170, 358
306, 2180, 358
306, 2190, 358
306, 2200, 358
306, 2210, 358
306, 2220, 357
306, 2230, 357
306, 2240, 357
306, 2250, 357
306, 2260, 357
306, 2270, 357
306, 2280, 357
306, 2290, 357
306, 2300, 357
306, 2310, 357
306, 2320, 357
306, 2330, 357
306, 2340, 357
306, 2350, 357
306, 2360, 357
306, 2370, 356
306, 2380, 356
306, 2390, 356
306, 2400, 356
306, 2410, 356
306, 2420, 356
306, 2430, 356
306, 2440, 356
306, 2450, 356
306, 2460, 356
306, 2470, 355
306, 2480, 355
306, 2490, 355
306, 2500, 355
306, 2510, 355
306, 2520, 355
306, 2530, 355
306, 2540, 355
306, 2550, 355
306, 2560, 355
306, 2570, 355
306, 2580, 355
306, 2590, 354
306, 2600, 354
306, 2610, 354
306, 2620, 354
306, 2630, 354
306, 2640, 354
306, 2650, 354
306, 2660, 354
306, 2670, 353
306, 2680, 353
306, 2690, 353
306, 2700, 353
306, 2710, 353
306, 2720, 353
306, 2730, 353
306, 2740, 353
306, 2750, 353
306, 2760, 353
306, 2770, 352
306, 2780, 352
306, 2790, 352
306, 2800, 352
306, 2810, 352
306, 2820, 352
306, 2830, 352
306, 2840, 352
306, 2850, 352
306, 2860, 352
306, 2870, 352
306, 2880, 352
306, 2890, 351
306, 2900, 351
306, 2910, 351
306, 2920, 351
306, 2930, 351
306, 2940, 351
306, 2950, 351
306, 2960, 351
306, 2970, 351
306, 2980, 350
306, 2990, 350
306, 3000, 350
306, 3010, 350
306, 3020, 350
306, 3030, 350
306, 3040, 350
306, 3050, 349
306, 3060, 349
306, 3070, 349
306, 3080, 349
306, 3090, 349
306, 3100, 349
306, 3110, 349
306, 3120, 349
306, 3130, 349
306, 3140, 349
306, 3150, 349
306, 3160, 349
306, 3170, 348
306, 3180, 348
306, 3190, 348
306, 3200, 348
306, 3210, 348
306, 3220, 348
306, 3230, 348
306, 3240, 348
306, 3250, 348
306, 3260, 347
306, 3270, 347
306, 3280, 347
306, 3290, 347
306, 3300, 347
306, 3310, 347
306, 3320, 347
306, 3330, 347
306, 3340, 347
306, 3350, 347
306, 3360, 347
306, 3370, 347
306, 3380, 346
306, 3390, 346
306, 3400, 346
306, 3410, 346
306, 3420, 346
306, 3430, 346
306, 3440, 346
306, 3450, 346
306, 3460, 345
306, 3470, 345
306, 3480, 345
306, 3490, 345
306, 3500, 345
306, 3510, 345
306, 3520, 345
306, 3530, 345
306, 3540, 345
306, 3550, 345
306, 3560, 345
306, 3570, 344
306, 3580, 344
306, 3590, 344
306, 3600, 344
306, 3610, 344
306, 3620, 344
306, 3630, 344
306, 3640, 344
306, 3650, 344
306, 3660, 344
306, 3670, 344
306, 3680, 344
306, 3690, 344
306, 3700, 344
306, 3710, 343
306, 3720, 343
306, 3730, 343
306, 3740, 343
306, 3750, 343
306, 3760, 343
306, 3770, 343
306, 3780, 343
306, 3790, 343
306, 3800, 342
306, 3810, 342
306, 3820, 342
306, 3830, 342
306, 3840, 342
306, 3850, 342
306, 3860, 342
306, 3870, 342
306, 3880, 342
306, 3890, 342
306, 3900, 342
306, 3910, 342
306, 3920, 341
306, 3930, 341
306, 3940, 341
306, 3950, 341
306, 3960, 341
306, 3970, 341
306, 3980, 341
306, 3990, 341
306, 4000, 341
306, 4010, 341
306, 4020, 341
306, 4030, 341
306, 4040, 341
306, 4050, 340
306, 4060, 340
306, 4070, 340
306, 4080, 340
306, 4090, 340
306, 4100, 340
306, 4110, 340
306, 4120, 340
306, 4130, 340
306, 4140, 340
306, 4150, 340
306, 4160, 339
306, 4170, 339
306, 4180, 339
306, 4190, 339
306, 4200, 339
306, 4210, 339
306, 4220, 339
306, 4230, 339
306, 4240, 339
306, 4250, 339
306, 4260, 339
306, 4270, 339
306, 4280, 338
306, 4290, 338
306, 4300, 338
306, 4310, 338
306, 4320, 338
306, 4330, 338
306, 4340, 338
306, 4350, 338
306, 4360, 338
306, 4370, 338
306, 4380, 338
306, 4390, 337
306, 4400, 337
306, 4410, 337
306, 4420, 337
306, 4430, 337
306, 4440, 337
306, 4450, 337
306, 4460, 337
306, 4470, 337
306, 4480, 337
306, 4490, 337
306, 4500, 337
306, 4510, 337
306, 4520, 337
306, 4530, 336
306, 4540, 336
306, 4550, 336
306, 4560, 336
306, 4570, 336
306, 4580, 336
306, 4590, 336
306, 4600, 336
306, 4610, 336
306, 4620, 335
306, 4630, 335
306, 4640, 335
306, 4650, 335
306, 4660, 335
306, 4670, 335
306, 4680, 335
306, 4690, 335
306, 4700, 335
306, 4710, 335
306, 4720, 335
306, 4730, 335
306, 4740, 335
306, 4750, 334
306, 4760, 334
306, 4770, 334
306, 4780, 334
306, 4790, 334
306, 4800, 334
306, 4810, 334
306, 4820, 334
306, 4830, 334
306, 4840, 334
306, 4850, 334
306, 4860, 333
306, 4870, 333
306, 4880, 333
306, 4890, 333
306, 4900, 333
306, 4910, 333
306, 4920, 333
306, 4930, 333
306, 4940, 333
306, 4950, 333
306, 4960, 333
306, 4970, 332
306, 4980, 332
306, 4990, 332
306, 5000, 332
306, 5010, 332
306, 5020, 332
306, 5030, 332
306, 5040, 332
306, 5050, 332
306, 5060, 332
306, 5070, 332
306, 5080, 332
306, 5090, 331
306, 5100, 331
306, 5110, 331
306, 5120, 331
306, 5130, 331
306, 5140, 331
306, 5150, 331
306, 5160, 331
306, 5170, 331
306, 5180, 331
306, 5190, 330
306, 5200, 330
306, 5210, 330
306, 5220, 330
306, 5230, 330
306, 5240, 330
306, 5250, 330
306, 5260, 330
306, 5270, 330
306, 5280, 330
306, 5290, 330
306, 5300, 330
306, 5310, 330
306, 5320, 329
306, 5330, 329
306, 5340, 329
306, 5350, 329
306, 5360, 329
306, 5370, 329
306, 5380, 329
306, 5390, 329
306, 5400, 329
306, 5410, 329
306, 5420, 329
306, 5430, 328
306, 5440, 328
306, 5450, 328
306, 5460, 328
306, 5470, 328
306, 5480, 328
306, 5490, 328
306, 5500, 328
306, 5510, 328
306, 5520, 328
306, 5530, 328
306, 5540, 328
306, 5550, 328
306, 5560, 328
306, 5570, 327
306, 5580, 327
306, 5590, 327
306, 5600, 327
306, 5610, 327
306, 5620, 327
306, 5630, 327
306, 5640, 327
306, 5650, 327
306, 5660, 327
306, 5670, 327
306, 5680, 327
306, 5690, 327
306, 5700, 327
306, 5710, 327
306, 5720, 327
306, 5730, 326
306, 5740, 326
306, 5750, 326
306, 5760, 326
306, 5770, 326
306, 5780, 326
306, 5790, 326
306, 5800, 326
306, 5810, 326
306, 5820, 326
306, 5830, 326
306, 5840, 326
306, 5850, 326
306, 5860, 326
306, 5870, 325
306, 5880, 325
306, 5890, 325
306, 5900, 325
306, 5910, 325
306, 5920, 325
306, 5930, 325
306, 5940, 325
306, 5950, 325
306, 5960, 325
306, 5970, 325
306, 5980, 325
306, 5990, 324
306, 6000, 324
306, 6010, 324
306, 6020, 324
306, 6030, 324
306, 6040, 324
306, 6050, 324
306, 6060, 324
306, 6070, 324
306, 6080, 324
306, 6090, 324
306, 6100, 323
306, 6110, 323
306, 6120, 323
306, 6130, 323
306, 6140, 323
306, 6150, 323
306, 6160, 323
306, 6170, 323
306, 6180, 323
306, 6190, 323
306, 6200, 323
306, 6210, 323
306, 6220, 322
306, 6230, 322
306, 6240, 322
306, 6250, 322
306, 6260, 322
306, 6270, 322
306, 6280, 322
306, 6290, 322
306, 6300, 322
306, 6310, 322
306, 6320, 322
306, 6330, 322
306, 6340, 322
306, 6350, 322
306, 6360, 321
306, 6370, 321
306, 6380, 321
306, 6390, 321
306, 6400, 321
306, 6410, 321
306, 6420, 321
306, 6430, 321
306, 6440, 321
306, 6450, 321
306, 6460, 321
306, 6470, 321
306, 6480, 320
306, 6490, 320
306, 6500, 320
306, 6510, 320
306, 6520, 320
306, 6530, 320
306, 6540, 320
306, 6550, 320
306, 6560, 320
306, 6570, 319
306, 6580, 319
306, 6590, 319
306, 6600, 319
306, 6610, 319
306, 6620, 319
306, 6630, 319
306, 6640, 319
306, 6650, 319
306, 6660, 319
306, 6670, 319
306, 6680, 319
306, 6690, 319
306, 6700, 318
306, 6710, 318
306, 6720, 318
306, 6730, 318
306, 6740, 318
306, 6750, 318
306, 6760, 318
306, 6770, 318
306, 6780, 318
306, 6790, 317
306, 6800, 317
306, 6810, 317
306, 6820, 317
306, 6830, 317
306, 6840, 317
306, 6850, 317
306, 6860, 317
306, 6870, 317
306, 6880, 317
306, 6890, 317
306, 6900, 317
306, 6910, 317
306, 6920, 316
306, 6930, 316
306, 6940, 316
306, 6950, 316
306, 6960, 316
306, 6970, 316
306, 6980, 316
306, 6990, 316
306, 7000, 316
306, 7010, 315
306, 7020, 315
306, 7030, 315
306, 7040, 315
306, 7050, 315
306, 7060, 315
306, 7070, 315
306, 7080, 315
306, 7090, 315
306, 7100, 315
306, 7110, 315
306, 7120, 314
306, 7130, 314
306, 7140, 314
306, 7150, 314
306, 7160, 314
306, 7170, 314
306, 7180, 314
306, 7190, 314
306, 7200, 314
306, 7210, 314
306, 7220, 314
306, 7230, 313
306, 7240, 313
306, 7250, 313
306, 7260, 313
306, 7270, 313
306, 7280, 313
306, 7290, 313
306, 7300, 313
306, 7310, 313
306, 7320, 313
306, 7330, 312
306, 7340, 312
306, 7350, 312
306, 7360, 312
306, 7370, 312
306, 7380, 312
306, 7390, 312
306, 7400, 312
306, 7410, 312
306, 7420, 312
306, 7430, 312
306, 7440, 312
306, 7450, 311
306, 7460, 311
306, 7470, 311
306, 7480, 311
306, 7490, 311
306, 7500, 311
306, 7510, 311
306, 7520, 311
306, 7530, 311
306, 7540, 311
306, 7550, 311
306, 7560, 311
306, 7570, 310
306, 7580, 310
306, 7590, 310
306, 7600, 310
306, 7610, 310
306, 7620, 310
306, 7630, 310
306, 7640, 310
306, 7650, 310
306, 7660, 310
306, 7670, 310
306, 7680, 310
306, 7690, 309
306, 7700, 309
306, 7710, 309
306, 7720, 309
306, 7730, 309
306, 7740, 309
306, 7750, 309
306, 7760, 309
306, 7770, 309
306, 7780, 309
306, 7790, 309
306, 7800, 308
306, 7810, 308
306, 7820, 308
306, 7830, 308
307, 7840, 308
307, 7850, 309
308, 7860, 309
311, 7870, 310
315, 7880, 313
318, 7890, 317
322, 7900, 320
327, 7910, 323
330, 7920, 328
333, 7930, 331
341, 7940, 334
344, 7950, 342
347, 7960, 345
349, 7970, 348
351, 7980, 349
354, 7990, 351
355, 8000, 354
356, 8010, 355
362, 8020, 356
366, 8030, 362
373, 8040, 366
373, 8050, 373
374, 8057, 373
0, 0, 0
1, 10, 0
1, 20, 126
1, 30, 106
1, 40, 114
1, 50, 114
2, 60, 108
10, 70, 92
19, 80, 75
29, 90, 92
39, 100, 113
39, 110, 112
43, 120, 150
53, 130, 158
63, 140, 131
73, 150, 246
83, 160, 277
90, 170, 303
100, 180, 238
110, 190, 156
120, 200, 190
129, 210, 208
139, 220, 219
149, 230, 231
159, 240, 249
169, 250, 244
178, 260, 260
188, 270, 285
197, 280, 302
207, 290, 309
217, 300, 324
226, 310, 343
235, 320, 357
244, 330, 388
247, 340, 379
254, 350, 369
254, 360, 374
254, 370, 413
257, 380, 367
257, 390, 366
258, 400, 421
260, 410, 431
260, 420, 394
261, 430, 440
261, 440, 394
264, 450, 418
264, 460, 377
266, 470, 443
266, 480, 431
266, 490, 557
266, 500, 559
266, 510, 598
266, 520, 564
266, 530, 605
266, 540, 582
266, 550, 522
266, 560, 364
267, 570, 384
267, 580, 311
267, 590, 343
267, 600, 305
267, 610, 309
267, 620, 318
269, 630, 321
271, 640, 332
277, 650, 328
285, 660, 335
285, 670, 336
285, 680, 336
286, 690, 335
286, 700, 344
286, 710, 338
286, 720, 350
286, 730, 364
286, 740, 373
286, 750, 366
286, 760, 367
287, 770, 369
287, 780, 371
288, 790, 373
289, 800, 376
291, 810, 365
291, 820, 360
291, 830, 362
291, 840, 357
291, 850, 363
291, 860, 361
291, 870, 356
292, 880, 368
292, 890, 364
293, 900, 373
295, 910, 375
296, 920, 377
296, 930, 373
296, 940, 370
297, 950, 374
297, 960, 374
297, 970, 378
297, 980, 375
298, 990, 374
298, 1000, 378
298, 1010, 369
298, 1020, 369
299, 1030, 371
299, 1040, 370
299, 1050, 367
301, 1060, 368
302, 1070, 369
302, 1080, 367
302, 1090, 366
302, 1100, 367
302, 1110, 363
302, 1120, 361
302, 1130, 366
302, 1140, 364
303, 1150, 367
304, 1160, 366
307, 1170, 369
308, 1180, 372
308, 1190, 370
308, 1200, 370
308, 1210, 370
308, 1220, 368
309, 1230, 368
309, 1240, 369
309, 1250, 369
309, 1260, 366
310, 1270, 366
310, 1280, 367
316, 1290, 366
318, 1300, 367
318, 1310, 367
318, 1320, 368
320, 1330, 368
320, 1340, 373
320, 1350, 381
320, 1360, 379
320, 1370, 381
320, 1380, 379
320, 1390, 372
321, 1400, 377
321, 1410, 376
321, 1420, 369
322, 1430, 369
322, 1440, 370
328, 1450, 369
329, 1460, 383
329, 1470, 381
329, 1480, 380
329, 1490, 379
329, 1500, 376
329, 1510, 376
329, 1520, 376
329, 1530, 373
329, 1540, 372
329, 1550, 378
329, 1560, 383
330, 1570, 378
330, 1580, 379
330, 1590, 380
330, 1600, 380
330, 1610, 378
330, 1620, 375
330, 1630, 376
330, 1640, 377
330, 1650, 381
330, 1660, 383
330, 1670, 381
331, 1680, 375
331, 1690, 376
331, 1700, 375
331, 1710, 373
331, 1720, 369
331, 1730, 371
331, 1740, 370
331, 1750, 365
331, 1760, 384
331, 1770, 363
331, 1780, 376
331, 1790, 362
331, 1800, 365
331, 1810, 364
331, 1820, 366
331, 1830, 377
331, 1840, 376
331, 1850, 369
331, 1860, 360
331, 1870, 359
331, 1880, 358
331, 1890, 358
331, 1900, 356
331, 1910, 356
331, 1920, 353
331, 1930, 353
331, 1940, 355
331, 1950, 355
334, 1960, 351
342, 1970, 355
345, 1980, 374
345, 1990, 374
345, 2000, 369
345, 2010, 365
345, 2020, 364
345, 2030, 363
345, 2040, 362
345, 2050, 361
346, 2060, 363
346, 2070, 363
348, 2080, 363
348, 2090, 367
348, 2100, 367
348, 2110, 364
348, 2120, 365
348, 2130, 365
348, 2140, 363
349, 2150, 364
349, 2160, 366
349, 2170, 365
349, 2180, 365
349, 2190, 365
349, 2200, 364
349, 2210, 364
349, 2220, 363
349, 2230, 363
349, 2240, 363
349, 2250, 362
349, 2260, 362
350, 2270, 361
350, 2280, 362
350, 2290, 363
351, 2300, 363
351, 2310, 364
351, 2320, 365
351, 2330, 365
351, 2340, 365
352, 2350, 366
355, 2360, 368
355, 2370, 370
355, 2380, 370
355, 2390, 371
355, 2400, 370
355, 2410, 370
355, 2420, 369
355, 2430, 377
355, 2440, 398
355, 2450, 377
355, 2460, 399
355, 2470, 398
355, 2480, 397
355, 2490, 397
355, 2500, 396
355, 2510, 397
355, 2520, 396
355, 2530, 408
355, 2540, 406
355, 2550, 414
355, 2560, 413
355, 2570, 413
355, 2580, 412
355, 2590, 411
355, 2600, 411
355, 2610, 411
355, 2620, 411
355, 2630, 409
355, 2640, 409
355, 2650, 403
355, 2660, 404
355, 2670, 407
355, 2680, 406
355, 2690, 405
355, 2700, 404
355, 2710, 402
355, 2720, 405
355, 2730, 404
355, 2740, 406
355, 2750, 405
355, 2760, 403
355, 2770, 404
355, 2780, 403
355, 2790, 402
355, 2800, 400
355, 2810, 396
355, 2820, 396
356, 2830, 394
356, 2840, 396
356, 2850, 396
356, 2860, 395
356, 2870, 393
356, 2880, 393
356, 2890, 393
356, 2900, 393
357, 2910, 392
357, 2920, 394
357, 2930, 394
357, 2940, 393
357, 2950, 394
357, 2960, 393
357, 2970, 393
357, 2980, 389
357, 2990, 389
357, 3000, 390
357, 3010, 388
357, 3020, 389
357, 3030, 386
357, 3040, 386
357, 3050, 387
358, 3060, 386
358, 3070, 388
359, 3080, 388
359, 3090, 387
359, 3100, 390
359, 3110, 389
359, 3120, 390
359, 3130, 388
359, 3140, 387
359, 3150, 388
359, 3160, 389
359, 3170, 387
359, 3180, 386
359, 3190, 386
359, 3200, 387
359, 3210, 387
359, 3220, 386
359, 3230, 386
359, 3240, 383
359, 3250, 383
359, 3260, 384
359, 3270, 384
359, 3280, 384
359, 3290, 383
359, 3300, 382
359, 3310, 381
359, 3320, 382
359, 3330, 384
360, 3340, 382
360, 3350, 382
360, 3360, 382
360, 3370, 382
360, 3380, 381
360, 3390, 381
360, 3400, 381
360, 3410, 380
360, 3420, 380
360, 3430, 380
360, 3440, 379
360, 3450, 382
360, 3460, 382
360, 3470, 379
360, 3480, 379
360, 3490, 378
360, 3500, 378
360, 3510, 378
360, 3520, 380
360, 3530, 383
360, 3540, 383
360, 3550, 383
360, 3560, 383
360, 3570, 385
360, 3580, 385
360, 3590, 384
360, 3600, 384
360, 3610, 384
360, 3620, 384
360, 3630, 384
360, 3640, 383
360, 3650, 383
360, 3660, 382
360, 3670, 381
360, 3680, 382
360, 3690, 382
360, 3700, 381
360, 3710, 382
360, 3720, 381
360, 3730, 381
360, 3740, 383
360, 3750, 383
360, 3760, 379
360, 3770, 375
360, 3780, 381
360, 3790, 381
360, 3800, 374
360, 3810, 381
360, 3820, 378
360, 3830, 378
360, 3840, 378
360, 3850, 379
360, 3860, 378
360, 3870, 378
360, 3880, 376
360, 3890, 376
360, 3900, 378
360, 3910, 377
360, 3920, 377
360, 3930, 375
360, 3940, 377
360, 3950, 376
360, 3960, 376
360, 3970, 376
360, 3980, 375
360, 3990, 375
360, 4000, 376
360, 4010, 376
360, 4020, 374
360, 4030, 376
360, 4040, 375
361, 4050, 375
362, 4060, 377
362, 4070, 377
362, 4080, 377
363, 4090, 378
363, 4100, 378
364, 4110, 379
364, 4120, 379
364, 4130, 379
364, 4140, 379
364, 4150, 379
365, 4160, 379
365, 4170, 380
365, 4180, 380
365, 4190, 380
365, 4200, 378
365, 4210, 378
365, 4220, 378
365, 4230, 379
365, 4240, 379
365, 4250, 379
365, 4260, 379
365, 4270, 379
365, 4280, 378
365, 4290, 378
365, 4300, 379
365, 4310, 381
367, 4320, 381
367, 4330, 386
367, 4340, 385
367, 4350, 385
367, 4360, 385
367, 4370, 383
367, 4380, 384
367, 4390, 383
367, 4400, 383
367, 4410, 382
367, 4420, 382
368, 4430, 383
368, 4440, 383
368, 4450, 384
368, 4460, 384
368, 4470, 384
368, 4480, 384
368, 4490, 384
368, 4500, 382
368, 4510, 384
368, 4520, 383
368, 4530, 383
368, 4540, 383
368, 4550, 383
368, 4560, 381
368, 4570, 381
368, 4580, 381
368, 4590, 381
368, 4600, 381
368, 4610, 381
368, 4620, 381
368, 4630, 381
368, 4640, 380
368, 4650, 381
368, 4660, 380
368, 4670, 381
368, 4680, 382
368, 4690, 380
368, 4700, 379
368, 4710, 380
368, 4720, 379
368, 4730, 379
368, 4740, 378
368, 4750, 379
368, 4760, 378
368, 4770, 378
368, 4780, 379
368, 4790, 379
368, 4800, 378
369, 4810, 379
371, 4820, 379
371, 4830, 383
371, 4840, 382
371, 4850, 382
371, 4860, 382
371, 4870, 381
371, 4880, 382
371, 4890, 382
371, 4900, 382
371, 4910, 381
371, 4920, 383
371, 4930, 381
371, 4940, 382
371, 4950, 381
371, 4960, 382
371, 4970, 383
371, 4980, 383
371, 4990, 381
371, 5000, 381
371, 5010, 382
371, 5020, 381
371, 5030, 382
371, 5040, 381
372, 5050, 381
372, 5060, 382
372, 5070, 382
372, 5080, 382
372, 5090, 382
372, 5100, 382
373, 5110, 381
373, 5120, 383
373, 5130, 383
373, 5140, 383
373, 5150, 382
373, 5160, 382
373, 5170, 382
373, 5180, 383
373, 5190, 383
373, 5200, 382
373, 5210, 383
373, 5220, 384
373, 5230, 384
373, 5240, 385
373, 5250, 385
373, 5260, 384
373, 5270, 384
373, 5280, 384
373, 5290, 383
373, 5300, 384
373, 5310, 382
373, 5320, 382
373, 5330, 382
373, 5340, 382
373, 5350, 382
373, 5360, 382
373, 5370, 382
373, 5380, 383
373, 5390, 383
373, 5400, 382
373, 5410, 382
373, 5420, 383
373, 5430, 382
373, 5440, 382
373, 5450, 382
373, 5460, 383
373, 5470, 383
373, 5480, 383
373, 5490, 384
373, 5500, 384
373, 5510, 384
373, 5520, 383
373, 5530, 383
373, 5540, 383
373, 5550, 383
373, 5560, 383
373, 5570, 383
373, 5580, 383
373, 5590, 383
373, 5600, 384
373, 5610, 384
373, 5620, 384
373, 5630, 384
373, 5640, 383
373, 5650, 382
373, 5660, 381
373, 5670, 381
373, 5680, 382
373, 5690, 381
373, 5700, 381
373, 5710, 381
373, 5720, 381
373, 5730, 381
373, 5740, 381
373, 5750, 381
373, 5760, 381
373, 5770, 382
373, 5780, 381
373, 5790, 381
373, 5800, 382
373, 5810, 383
373, 5820, 382
373, 5830, 382
373, 5840, 383
373, 5850, 383
373, 5860, 383
373, 5870, 382
373, 5880, 382
373, 5890, 382
373, 5900, 382
373, 5910, 382
373, 5920, 382
373, 5930, 382
373, 5940, 382
373, 5950, 382
373, 5960, 380
373, 5970, 379
373, 5980, 379
373, 5990, 379
373, 6000, 379
373, 6010, 379
373, 6020, 379
373, 6030, 379
373, 6040, 378
373, 6050, 378
373, 6060, 378
373, 6070, 378
373, 6080, 378
373, 6090, 378
373, 6100, 378
374, 6110, 378

------------------------------------------------------------
Sender: LSF System <lsfadmin@n2c2-4>
Subject: Job 223316: </share/tjmenzie/zyu9/miniconda2/bin/python2.7 runner.py exp_HPC 1> in cluster <henry2> Done

Job </share/tjmenzie/zyu9/miniconda2/bin/python2.7 runner.py exp_HPC 1> was submitted from host <login01> by user <zyu9> in cluster <henry2> at Fri Mar 15 14:39:53 2019.
Job was executed on host(s) <2*n2c2-4>, in queue <single_chassis>, as user <zyu9> in cluster <henry2> at Fri Mar 15 14:39:59 2019.
</home/zyu9> was used as the home directory.
</home/zyu9/projects/Better-Est/src> was used as the working directory.
Started at Fri Mar 15 14:39:59 2019.
Terminated at Fri Mar 15 22:00:11 2019.
Results reported at Fri Mar 15 22:00:11 2019.

Your job looked like:

------------------------------------------------------------
# LSBATCH: User input
/share/tjmenzie/zyu9/miniconda2/bin/python2.7 runner.py exp_HPC 1
------------------------------------------------------------

Successfully completed.

Resource usage summary:

    CPU time :                                   28862.34 sec.
    Max Memory :                                 389.78 MB
    Average Memory :                             161.86 MB
    Total Requested Memory :                     -
    Delta Memory :                               -
    Max Swap :                                   1717 MB
    Max Processes :                              3
    Max Threads :                                15
    Run time :                                   26412 sec.
    Turnaround time :                            26418 sec.

The output (if any) is above this job summary.



PS:

Read file <./err/1.err.223316> for stderr output of this job.

