0, 0, 282
1, 10, 282
2, 20, 280
3, 30, 278
3, 40, 277
8, 50, 274
15, 60, 276
15, 70, 279
23, 80, 276
31, 90, 280
38, 100, 285
41, 110, 290
44, 120, 290
50, 130, 290
57, 140, 292
65, 150, 295
73, 160, 300
82, 170, 304
83, 180, 308
89, 190, 306
90, 200, 307
99, 210, 305
107, 220, 310
113, 230, 314
123, 240, 316
131, 250, 321
139, 260, 324
143, 270, 329
151, 280, 328
160, 290, 331
165, 300, 336
169, 310, 337
173, 320, 338
179, 330, 337
183, 340, 339
188, 350, 339
193, 360, 340
198, 370, 343
203, 380, 344
207, 390, 345
211, 400, 345
216, 410, 345
217, 420, 347
226, 430, 345
234, 440, 349
241, 450, 353
246, 460, 356
251, 470, 357
255, 480, 357
264, 490, 358
265, 500, 362
269, 510, 360
276, 520, 361
281, 530, 363
285, 540, 364
287, 550, 365
294, 560, 363
304, 570, 365
306, 580, 371
306, 590, 372
306, 600, 372
306, 610, 372
306, 620, 371
306, 630, 371
306, 640, 371
306, 650, 371
306, 660, 371
306, 670, 371
306, 680, 371
306, 690, 371
306, 700, 371
306, 710, 371
306, 720, 370
306, 730, 370
306, 740, 370
306, 750, 370
306, 760, 370
306, 770, 370
306, 780, 370
306, 790, 370
306, 800, 370
306, 810, 370
306, 820, 370
306, 830, 370
306, 840, 369
306, 850, 369
306, 860, 369
306, 870, 369
306, 880, 369
306, 890, 369
306, 900, 369
306, 910, 369
306, 920, 369
306, 930, 369
306, 940, 368
306, 950, 368
306, 960, 368
306, 970, 368
306, 980, 368
306, 990, 368
306, 1000, 368
306, 1010, 368
306, 1020, 368
306, 1030, 368
306, 1040, 368
306, 1050, 368
306, 1060, 368
306, 1070, 367
306, 1080, 367
306, 1090, 367
306, 1100, 367
306, 1110, 367
306, 1120, 367
306, 1130, 367
306, 1140, 367
306, 1150, 367
306, 1160, 367
306, 1170, 367
306, 1180, 367
306, 1190, 366
306, 1200, 366
306, 1210, 366
306, 1220, 366
306, 1230, 366
306, 1240, 366
306, 1250, 366
306, 1260, 366
306, 1270, 366
306, 1280, 365
306, 1290, 365
306, 1300, 365
306, 1310, 365
306, 1320, 365
306, 1330, 365
306, 1340, 365
306, 1350, 365
306, 1360, 365
306, 1370, 365
306, 1380, 364
306, 1390, 364
306, 1400, 364
306, 1410, 364
306, 1420, 364
306, 1430, 364
306, 1440, 364
306, 1450, 364
306, 1460, 364
306, 1470, 364
306, 1480, 364
306, 1490, 363
306, 1500, 363
306, 1510, 363
306, 1520, 363
306, 1530, 363
306, 1540, 363
306, 1550, 363
306, 1560, 363
306, 1570, 363
306, 1580, 363
306, 1590, 363
306, 1600, 363
306, 1610, 362
306, 1620, 362
306, 1630, 362
306, 1640, 362
306, 1650, 362
306, 1660, 362
306, 1670, 362
306, 1680, 362
306, 1690, 362
306, 1700, 362
306, 1710, 362
306, 1720, 362
306, 1730, 362
306, 1740, 361
306, 1750, 361
306, 1760, 361
306, 1770, 361
306, 1780, 361
306, 1790, 361
306, 1800, 361
306, 1810, 361
306, 1820, 361
306, 1830, 361
306, 1840, 360
306, 1850, 360
306, 1860, 360
306, 1870, 360
306, 1880, 360
306, 1890, 360
306, 1900, 360
306, 1910, 360
306, 1920, 360
306, 1930, 360
306, 1940, 360
306, 1950, 360
306, 1960, 359
306, 1970, 359
306, 1980, 359
306, 1990, 359
306, 2000, 359
306, 2010, 359
306, 2020, 359
306, 2030, 359
306, 2040, 359
306, 2050, 359
306, 2060, 359
306, 2070, 359
306, 2080, 359
306, 2090, 359
306, 2100, 358
306, 2110, 358
306, 2120, 358
306, 2130, 358
306, 2140, 358
306, 2150, 358
306, 2160, 358
306, 2170, 358
306, 2180, 358
306, 2190, 358
306, 2200, 358
306, 2210, 358
306, 2220, 357
306, 2230, 357
306, 2240, 357
306, 2250, 357
306, 2260, 357
306, 2270, 357
306, 2280, 357
306, 2290, 357
306, 2300, 357
306, 2310, 357
306, 2320, 357
306, 2330, 357
306, 2340, 357
306, 2350, 357
306, 2360, 357
306, 2370, 356
306, 2380, 356
306, 2390, 356
306, 2400, 356
306, 2410, 356
306, 2420, 356
306, 2430, 356
306, 2440, 356
306, 2450, 356
306, 2460, 356
306, 2470, 355
306, 2480, 355
306, 2490, 355
306, 2500, 355
306, 2510, 355
306, 2520, 355
306, 2530, 355
306, 2540, 355
306, 2550, 355
306, 2560, 355
306, 2570, 355
306, 2580, 355
306, 2590, 354
306, 2600, 354
306, 2610, 354
306, 2620, 354
306, 2630, 354
306, 2640, 354
306, 2650, 354
306, 2660, 354
306, 2670, 353
306, 2680, 353
306, 2690, 353
306, 2700, 353
306, 2710, 353
306, 2720, 353
306, 2730, 353
306, 2740, 353
306, 2750, 353
306, 2760, 353
306, 2770, 352
306, 2780, 352
306, 2790, 352
306, 2800, 352
306, 2810, 352
306, 2820, 352
306, 2830, 352
306, 2840, 352
306, 2850, 352
306, 2860, 352
306, 2870, 352
306, 2880, 352
306, 2890, 351
306, 2900, 351
306, 2910, 351
306, 2920, 351
306, 2930, 351
306, 2940, 351
306, 2950, 351
306, 2960, 351
306, 2970, 351
306, 2980, 350
306, 2990, 350
306, 3000, 350
306, 3010, 350
306, 3020, 350
306, 3030, 350
306, 3040, 350
306, 3050, 349
306, 3060, 349
306, 3070, 349
306, 3080, 349
306, 3090, 349
306, 3100, 349
306, 3110, 349
306, 3120, 349
306, 3130, 349
306, 3140, 349
306, 3150, 349
306, 3160, 349
306, 3170, 348
306, 3180, 348
306, 3190, 348
306, 3200, 348
306, 3210, 348
306, 3220, 348
306, 3230, 348
306, 3240, 348
306, 3250, 348
306, 3260, 347
306, 3270, 347
306, 3280, 347
306, 3290, 347
306, 3300, 347
306, 3310, 347
306, 3320, 347
306, 3330, 347
306, 3340, 347
306, 3350, 347
306, 3360, 347
306, 3370, 347
306, 3380, 346
306, 3390, 346
306, 3400, 346
306, 3410, 346
306, 3420, 346
306, 3430, 346
306, 3440, 346
306, 3450, 346
306, 3460, 345
306, 3470, 345
306, 3480, 345
306, 3490, 345
306, 3500, 345
306, 3510, 345
306, 3520, 345
306, 3530, 345
306, 3540, 345
306, 3550, 345
306, 3560, 345
306, 3570, 344
306, 3580, 344
306, 3590, 344
306, 3600, 344
306, 3610, 344
306, 3620, 344
306, 3630, 344
306, 3640, 344
306, 3650, 344
306, 3660, 344
306, 3670, 344
306, 3680, 344
306, 3690, 344
306, 3700, 344
306, 3710, 343
306, 3720, 343
306, 3730, 343
306, 3740, 343
306, 3750, 343
306, 3760, 343
306, 3770, 343
306, 3780, 343
306, 3790, 343
306, 3800, 342
306, 3810, 342
306, 3820, 342
306, 3830, 342
306, 3840, 342
306, 3850, 342
306, 3860, 342
306, 3870, 342
306, 3880, 342
306, 3890, 342
306, 3900, 342
306, 3910, 342
306, 3920, 341
306, 3930, 341
306, 3940, 341
306, 3950, 341
306, 3960, 341
306, 3970, 341
306, 3980, 341
306, 3990, 341
306, 4000, 341
306, 4010, 341
306, 4020, 341
306, 4030, 341
306, 4040, 341
306, 4050, 340
306, 4060, 340
306, 4070, 340
306, 4080, 340
306, 4090, 340
306, 4100, 340
306, 4110, 340
306, 4120, 340
306, 4130, 340
306, 4140, 340
306, 4150, 340
306, 4160, 339
306, 4170, 339
306, 4180, 339
306, 4190, 339
306, 4200, 339
306, 4210, 339
306, 4220, 339
306, 4230, 339
306, 4240, 339
306, 4250, 339
306, 4260, 339
306, 4270, 339
306, 4280, 338
306, 4290, 338
306, 4300, 338
306, 4310, 338
306, 4320, 338
306, 4330, 338
306, 4340, 338
306, 4350, 338
306, 4360, 338
306, 4370, 338
306, 4380, 338
306, 4390, 337
306, 4400, 337
306, 4410, 337
306, 4420, 337
306, 4430, 337
306, 4440, 337
306, 4450, 337
306, 4460, 337
306, 4470, 337
306, 4480, 337
306, 4490, 337
306, 4500, 337
306, 4510, 337
306, 4520, 337
306, 4530, 336
306, 4540, 336
306, 4550, 336
306, 4560, 336
306, 4570, 336
306, 4580, 336
306, 4590, 336
306, 4600, 336
306, 4610, 336
306, 4620, 335
306, 4630, 335
306, 4640, 335
306, 4650, 335
306, 4660, 335
306, 4670, 335
306, 4680, 335
306, 4690, 335
306, 4700, 335
306, 4710, 335
306, 4720, 335
306, 4730, 335
306, 4740, 335
306, 4750, 334
306, 4760, 334
306, 4770, 334
306, 4780, 334
306, 4790, 334
306, 4800, 334
306, 4810, 334
306, 4820, 334
306, 4830, 334
306, 4840, 334
306, 4850, 334
306, 4860, 333
306, 4870, 333
306, 4880, 333
306, 4890, 333
306, 4900, 333
306, 4910, 333
306, 4920, 333
306, 4930, 333
306, 4940, 333
306, 4950, 333
306, 4960, 333
306, 4970, 332
306, 4980, 332
306, 4990, 332
306, 5000, 332
306, 5010, 332
306, 5020, 332
306, 5030, 332
306, 5040, 332
306, 5050, 332
306, 5060, 332
306, 5070, 332
306, 5080, 332
306, 5090, 331
306, 5100, 331
306, 5110, 331
306, 5120, 331
306, 5130, 331
306, 5140, 331
306, 5150, 331
306, 5160, 331
306, 5170, 331
306, 5180, 331
306, 5190, 330
306, 5200, 330
306, 5210, 330
306, 5220, 330
306, 5230, 330
306, 5240, 330
306, 5250, 330
306, 5260, 330
306, 5270, 330
306, 5280, 330
306, 5290, 330
306, 5300, 330
306, 5310, 330
306, 5320, 329
306, 5330, 329
306, 5340, 329
306, 5350, 329
306, 5360, 329
306, 5370, 329
306, 5380, 329
306, 5390, 329
306, 5400, 329
306, 5410, 329
306, 5420, 329
306, 5430, 328
306, 5440, 328
306, 5450, 328
306, 5460, 328
306, 5470, 328
306, 5480, 328
306, 5490, 328
306, 5500, 328
306, 5510, 328
306, 5520, 328
306, 5530, 328
306, 5540, 328
306, 5550, 328
306, 5560, 328
306, 5570, 327
306, 5580, 327
306, 5590, 327
306, 5600, 327
306, 5610, 327
306, 5620, 327
306, 5630, 327
306, 5640, 327
306, 5650, 327
306, 5660, 327
306, 5670, 327
306, 5680, 327
306, 5690, 327
306, 5700, 327
306, 5710, 327
306, 5720, 327
306, 5730, 326
306, 5740, 326
306, 5750, 326
306, 5760, 326
306, 5770, 326
306, 5780, 326
306, 5790, 326
306, 5800, 326
306, 5810, 326
306, 5820, 326
306, 5830, 326
306, 5840, 326
306, 5850, 326
306, 5860, 326
306, 5870, 325
306, 5880, 325
306, 5890, 325
306, 5900, 325
306, 5910, 325
306, 5920, 325
306, 5930, 325
306, 5940, 325
306, 5950, 325
306, 5960, 325
306, 5970, 325
306, 5980, 325
306, 5990, 324
306, 6000, 324
306, 6010, 324
306, 6020, 324
306, 6030, 324
306, 6040, 324
306, 6050, 324
306, 6060, 324
306, 6070, 324
306, 6080, 324
306, 6090, 324
306, 6100, 323
306, 6110, 323
306, 6120, 323
306, 6130, 323
306, 6140, 323
306, 6150, 323
306, 6160, 323
306, 6170, 323
306, 6180, 323
306, 6190, 323
306, 6200, 323
306, 6210, 323
306, 6220, 322

------------------------------------------------------------
Sender: LSF System <lsfadmin@n2b1-10>
Subject: Job 137738: </share/tjmenzie/zyu9/miniconda2/bin/python2.7 runner.py exp_HPC 1> in cluster <henry2> Done

Job </share/tjmenzie/zyu9/miniconda2/bin/python2.7 runner.py exp_HPC 1> was submitted from host <login01> by user <zyu9> in cluster <henry2> at Wed Mar  6 10:48:08 2019.
Job was executed on host(s) <2*n2b1-10>, in queue <single_chassis>, as user <zyu9> in cluster <henry2> at Wed Mar  6 10:48:15 2019.
</home/zyu9> was used as the home directory.
</home/zyu9/projects/Better-Est/src> was used as the working directory.
Started at Wed Mar  6 10:48:15 2019.
Terminated at Wed Mar  6 15:56:02 2019.
Results reported at Wed Mar  6 15:56:02 2019.

Your job looked like:

------------------------------------------------------------
# LSBATCH: User input
/share/tjmenzie/zyu9/miniconda2/bin/python2.7 runner.py exp_HPC 1
------------------------------------------------------------

Successfully completed.

Resource usage summary:

    CPU time :                                   19638.78 sec.
    Max Memory :                                 396.45 MB
    Average Memory :                             160.74 MB
    Total Requested Memory :                     -
    Delta Memory :                               -
    Max Swap :                                   1452 MB
    Max Processes :                              3
    Max Threads :                                11
    Run time :                                   18478 sec.
    Turnaround time :                            18474 sec.

The output (if any) is above this job summary.



PS:

Read file <./err/1.err.137738> for stderr output of this job.

