0, 0, 741
9, 10, 741
19, 20, 747
27, 30, 754
37, 40, 758
46, 50, 768
56, 60, 774
66, 70, 781
74, 80, 787
82, 90, 793
91, 100, 797
96, 110, 803
104, 120, 805
112, 130, 810
119, 140, 814
128, 150, 817
134, 160, 822
143, 170, 825
151, 180, 830
161, 190, 835
168, 200, 841
178, 210, 845
186, 220, 851
195, 230, 855
204, 240, 861
214, 250, 866
223, 260, 872
232, 270, 878
239, 280, 883
246, 290, 888
254, 300, 892
264, 310, 896
271, 320, 902
279, 330, 905
287, 340, 908
293, 350, 913
301, 360, 915
303, 370, 919
313, 380, 918
319, 390, 924
326, 400, 926
333, 410, 930
337, 420, 933
346, 430, 934
355, 440, 939
358, 450, 944
367, 460, 943
372, 470, 948
379, 480, 950
387, 490, 954
397, 500, 959
402, 510, 965
405, 520, 966
413, 530, 966
420, 540, 970
426, 550, 973
431, 560, 975
436, 570, 977
441, 580, 978
447, 590, 980
454, 600, 983
460, 610, 986
470, 620, 989
478, 630, 995
487, 640, 999
494, 650, 1004
501, 660, 1008
511, 670, 1011
516, 680, 1016
525, 690, 1018
535, 700, 1023
542, 710, 1029
549, 720, 1033
559, 730, 1037
566, 740, 1045
573, 750, 1047
582, 760, 1051
591, 770, 1057
600, 780, 1062
609, 790, 1068
616, 800, 1074
624, 810, 1077
632, 820, 1082
636, 830, 1085
644, 840, 1086
653, 850, 1090
661, 860, 1095
667, 870, 1099
676, 880, 1101
683, 890, 1107
689, 900, 1111
695, 910, 1113
701, 920, 1115
705, 930, 1118
711, 940, 1118
718, 950, 1120
726, 960, 1124
733, 970, 1129
740, 980, 1133
747, 990, 1136
755, 1000, 1140
762, 1010, 1144
769, 1020, 1148
777, 1030, 1151
786, 1040, 1156
790, 1050, 1161
791, 1060, 1162
801, 1070, 1161
809, 1080, 1166
814, 1090, 1170
819, 1100, 1171
828, 1110, 1173
835, 1120, 1178
843, 1130, 1182
843, 1140, 1186
852, 1150, 1183
859, 1160, 1188
868, 1170, 1193
872, 1180, 1199
873, 1190, 1199
881, 1200, 1195
881, 1210, 1199
887, 1220, 1196
895, 1230, 1199
903, 1240, 1203
910, 1250, 1208
919, 1260, 1211
928, 1270, 1215
931, 1280, 1220
935, 1290, 1219
942, 1300, 1219
943, 1310, 1223
952, 1320, 1221
958, 1330, 1226
964, 1340, 1229
973, 1350, 1231
983, 1360, 1236
984, 1370, 1243
989, 1380, 1240
994, 1390, 1242
999, 1400, 1243
1005, 1410, 1245
1015, 1420, 1248
1024, 1430, 1254
1032, 1440, 1259
1039, 1450, 1263
1045, 1460, 1266
1051, 1470, 1269
1058, 1480, 1270
1062, 1490, 1273
1068, 1500, 1273
1077, 1510, 1274
1081, 1520, 1279
1090, 1530, 1279
1092, 1540, 1284
1100, 1550, 1283
1107, 1560, 1286
1115, 1570, 1288
1124, 1580, 1292
1129, 1590, 1297
1132, 1600, 1298
1137, 1610, 1297
1144, 1620, 1298
1150, 1630, 1299
1157, 1640, 1302
1161, 1650, 1304
1170, 1660, 1304
1176, 1670, 1309
1176, 1680, 1311
1183, 1690, 1308
1185, 1700, 1311
1189, 1710, 1310
1194, 1720, 1310
1198, 1730, 1311
1206, 1740, 1310
1212, 1750, 1314
1221, 1760, 1317
1229, 1770, 1320
1238, 1780, 1324
1242, 1790, 1328
1246, 1800, 1329
1254, 1810, 1329
1258, 1820, 1333
1258, 1830, 1335
1258, 1840, 1335
1258, 1850, 1334
1258, 1860, 1334
1258, 1870, 1334
1258, 1880, 1334
1258, 1890, 1334
1258, 1900, 1334
1258, 1910, 1334
1258, 1920, 1334
1258, 1930, 1334
1258, 1940, 1334
1258, 1950, 1333
1258, 1960, 1333
1258, 1970, 1333
1258, 1980, 1333
1258, 1990, 1333
1258, 2000, 1333
1258, 2010, 1333
1258, 2020, 1332
1258, 2030, 1332
1258, 2040, 1332
1258, 2050, 1332
1258, 2060, 1332
1258, 2070, 1332
1258, 2080, 1332
1258, 2090, 1332
1258, 2100, 1332
1258, 2110, 1331
1258, 2120, 1331
1258, 2130, 1331
1258, 2140, 1331
1258, 2150, 1331
1258, 2160, 1331
1258, 2170, 1331
1258, 2180, 1331
1258, 2190, 1330
1258, 2200, 1330
1258, 2210, 1330
1258, 2220, 1330
1258, 2230, 1330
1258, 2240, 1330
1258, 2250, 1330
1258, 2260, 1329
1258, 2270, 1329
1258, 2280, 1329
1258, 2290, 1329
1258, 2300, 1329
1258, 2310, 1329
1258, 2320, 1329
1258, 2330, 1329
1258, 2340, 1329
1258, 2350, 1329
1258, 2360, 1329
1258, 2370, 1329
1258, 2380, 1328
1258, 2390, 1328
1258, 2400, 1328
1258, 2410, 1328
1258, 2420, 1328
1258, 2430, 1328
1258, 2440, 1328
1258, 2450, 1328
1258, 2460, 1328
1258, 2470, 1328
1258, 2480, 1328
1258, 2490, 1327
1258, 2500, 1327
1258, 2510, 1327
1258, 2520, 1327
1258, 2530, 1327
1258, 2540, 1327
1258, 2550, 1327
1258, 2560, 1327
1258, 2570, 1327
1258, 2580, 1326
1258, 2590, 1326
1258, 2600, 1326
1258, 2610, 1326
1258, 2620, 1326
1258, 2630, 1326
1258, 2640, 1326
1258, 2650, 1326
1258, 2660, 1325
1258, 2670, 1325
1258, 2680, 1325
1258, 2690, 1325
1258, 2700, 1325
1258, 2710, 1325
1258, 2720, 1325
1258, 2730, 1325
1258, 2740, 1324
1258, 2750, 1324
1258, 2760, 1324
1258, 2770, 1324
1258, 2780, 1324
1258, 2790, 1324
1258, 2800, 1323
1258, 2810, 1323
1258, 2820, 1323
1258, 2830, 1323
1258, 2840, 1323
1258, 2850, 1322
1258, 2860, 1322
1258, 2870, 1322
1258, 2880, 1322
1258, 2890, 1322
1258, 2900, 1322
1258, 2910, 1322
1258, 2920, 1321
1258, 2930, 1321
1258, 2940, 1321
1258, 2950, 1321
1258, 2960, 1321
1258, 2970, 1321
1258, 2980, 1321
1258, 2990, 1321
1258, 3000, 1321
1258, 3010, 1321
1258, 3020, 1321
1258, 3030, 1321
1258, 3040, 1320
1258, 3050, 1320
1258, 3060, 1320
1258, 3070, 1320
1258, 3080, 1320
1258, 3090, 1320
1258, 3100, 1320
1258, 3110, 1320
1258, 3120, 1320
1258, 3130, 1319
1258, 3140, 1319
1258, 3150, 1319
1258, 3160, 1319
1258, 3170, 1319
1258, 3180, 1319
1258, 3190, 1319
1258, 3200, 1319
1258, 3210, 1319
1258, 3220, 1319
1258, 3230, 1319
1258, 3240, 1319
1258, 3250, 1319
1258, 3260, 1318
1258, 3270, 1318
1258, 3280, 1318
1258, 3290, 1318
1258, 3300, 1318
1258, 3310, 1318
1258, 3320, 1318
1258, 3330, 1318
1258, 3340, 1318
1258, 3350, 1318
1258, 3360, 1318
1258, 3370, 1317
1258, 3380, 1317
1258, 3390, 1317
1258, 3400, 1317
1258, 3410, 1317
1258, 3420, 1317
1258, 3430, 1317
1258, 3440, 1317
1258, 3450, 1317
1258, 3460, 1317
1258, 3470, 1317
1258, 3480, 1317
1258, 3490, 1316
1258, 3500, 1316
1258, 3510, 1316
1258, 3520, 1316
1258, 3530, 1316
1258, 3540, 1316
1258, 3550, 1316
1258, 3560, 1316
1258, 3570, 1315
1258, 3580, 1315
1258, 3590, 1316
1258, 3600, 1316
1258, 3610, 1316
1258, 3620, 1315
1258, 3630, 1315
1258, 3640, 1315
1258, 3650, 1315
1258, 3660, 1315
1258, 3670, 1315
1258, 3680, 1315
1258, 3690, 1315
1258, 3700, 1315
1258, 3710, 1314
1258, 3720, 1314
1258, 3730, 1314
1258, 3740, 1314
1258, 3750, 1314
1258, 3760, 1314
1258, 3770, 1314
1258, 3780, 1314
1258, 3790, 1314
1258, 3800, 1314
1258, 3810, 1314
1258, 3820, 1314
1258, 3830, 1313
1258, 3840, 1313
1258, 3850, 1313
1258, 3860, 1313
1258, 3870, 1313
1258, 3880, 1313
1258, 3890, 1313
1258, 3900, 1313
1258, 3910, 1313
1258, 3920, 1313
1258, 3930, 1313
1258, 3940, 1313
1258, 3950, 1312
1258, 3960, 1312
1258, 3970, 1312
1258, 3980, 1312
1258, 3990, 1312
1258, 4000, 1312
1258, 4010, 1312
1258, 4020, 1312
1258, 4030, 1312
1258, 4040, 1312
1258, 4050, 1311
1258, 4060, 1311
1258, 4070, 1311
1258, 4080, 1311
1258, 4090, 1311
1258, 4100, 1311
1258, 4110, 1311
1258, 4120, 1311
1258, 4130, 1311
1258, 4140, 1311
1258, 4150, 1311
1258, 4160, 1310
1258, 4170, 1310
1258, 4180, 1310
1258, 4190, 1310
1258, 4200, 1310
1258, 4210, 1310
1258, 4220, 1310
1258, 4230, 1310
1258, 4240, 1310
1258, 4250, 1310
1258, 4260, 1310
1258, 4270, 1310
1258, 4280, 1310
1258, 4290, 1310
1258, 4300, 1309
1258, 4310, 1309
1258, 4320, 1309
1258, 4330, 1309
1258, 4340, 1309
1258, 4350, 1309
1258, 4360, 1309
1258, 4370, 1308
1258, 4380, 1308
1258, 4390, 1308
1258, 4400, 1308
1258, 4410, 1308
1258, 4420, 1308
1258, 4430, 1308
1258, 4440, 1308
1258, 4450, 1308
1258, 4460, 1308
1258, 4470, 1308
1258, 4480, 1308
1258, 4490, 1307
1258, 4500, 1307
1258, 4510, 1307
1258, 4520, 1307
1258, 4530, 1307
1258, 4540, 1307
1258, 4550, 1307
1258, 4560, 1307
1258, 4570, 1307
1258, 4580, 1307
1258, 4590, 1306
1258, 4600, 1306
1258, 4610, 1306
1258, 4620, 1306
1258, 4630, 1306
1258, 4640, 1306
1258, 4650, 1305
1258, 4660, 1305
1258, 4670, 1305
1258, 4680, 1305
1258, 4690, 1305
1258, 4700, 1305
1258, 4710, 1304
1258, 4720, 1304
1258, 4730, 1304
1258, 4740, 1304
1258, 4750, 1304
1258, 4760, 1304
1258, 4770, 1304
1258, 4780, 1304
1258, 4790, 1304
1258, 4800, 1304
1258, 4810, 1304
1258, 4820, 1304
1258, 4830, 1303
1258, 4840, 1303
1258, 4850, 1303
1258, 4860, 1303
1258, 4870, 1303
1258, 4880, 1303
1258, 4890, 1303
1258, 4900, 1303
1258, 4910, 1303
1258, 4920, 1303
1258, 4930, 1303
1258, 4940, 1303
1258, 4950, 1302
1258, 4960, 1302
1258, 4970, 1302
1258, 4980, 1302
1258, 4990, 1302
1258, 5000, 1302
1258, 5010, 1302
1258, 5020, 1302
1258, 5030, 1302
1258, 5040, 1302
1258, 5050, 1301
1258, 5060, 1301
1258, 5070, 1301
1258, 5080, 1301
1258, 5090, 1301
1258, 5100, 1301
1258, 5110, 1301
1258, 5120, 1301
1258, 5130, 1301
1258, 5140, 1301
1258, 5150, 1300
1258, 5160, 1300
1258, 5170, 1300
1258, 5180, 1300
1258, 5190, 1300
1258, 5200, 1300
1258, 5210, 1300
1258, 5220, 1300
1258, 5230, 1300
1258, 5240, 1300
1258, 5250, 1300
1258, 5260, 1300
1258, 5270, 1300
1258, 5280, 1300
1258, 5290, 1299
1258, 5300, 1299
1258, 5310, 1299
1258, 5320, 1299
1258, 5330, 1299
1258, 5340, 1299
1258, 5350, 1299
1258, 5360, 1299
1258, 5370, 1299
1258, 5380, 1299
1258, 5390, 1298
1258, 5400, 1298
1258, 5410, 1298
1258, 5420, 1298
1258, 5430, 1298
1258, 5440, 1298
1258, 5450, 1298
1258, 5460, 1298
1258, 5470, 1298
1258, 5480, 1298
1258, 5490, 1298
1258, 5500, 1297
1258, 5510, 1297
1258, 5520, 1297
1258, 5530, 1297
1258, 5540, 1297
1258, 5550, 1297
1258, 5560, 1297
1258, 5570, 1297
1258, 5580, 1297
1258, 5590, 1297
1258, 5600, 1297
1258, 5610, 1297
1258, 5620, 1297
1258, 5630, 1296
1258, 5640, 1296
1258, 5650, 1296
1258, 5660, 1296
1258, 5670, 1296
1258, 5680, 1296
1258, 5690, 1296
1258, 5700, 1296
1258, 5710, 1296
1258, 5720, 1296
1258, 5730, 1295
1258, 5740, 1295
1258, 5750, 1295
1258, 5760, 1295
1258, 5770, 1295
1258, 5780, 1295
1258, 5790, 1295
1258, 5800, 1295
1258, 5810, 1295
1258, 5820, 1295
1258, 5830, 1294
1258, 5840, 1294
1258, 5850, 1294
1258, 5860, 1294
1258, 5870, 1294
1258, 5880, 1294
1258, 5890, 1294
1258, 5900, 1294
1258, 5910, 1294
1258, 5920, 1294
1258, 5930, 1294
1258, 5940, 1294
1258, 5950, 1294
1258, 5960, 1294
1258, 5970, 1294
1258, 5980, 1293
1258, 5990, 1293
1258, 6000, 1293
1258, 6010, 1293
1258, 6020, 1293
1258, 6030, 1293
1258, 6040, 1293
1258, 6050, 1293
1258, 6060, 1293
1258, 6070, 1293
1258, 6080, 1293
1258, 6090, 1293
1258, 6100, 1293
1258, 6110, 1293
1258, 6120, 1293
1258, 6130, 1292
1258, 6140, 1292
1258, 6150, 1292
1258, 6160, 1292
1258, 6170, 1292
1258, 6180, 1292
1258, 6190, 1292
1258, 6200, 1292
1258, 6210, 1292
1258, 6220, 1292
1258, 6230, 1292
1258, 6240, 1291
1258, 6250, 1291
1258, 6260, 1291
1258, 6270, 1291
1258, 6280, 1291
1258, 6290, 1291
1258, 6300, 1291
1258, 6310, 1291
1258, 6320, 1291
1258, 6330, 1291
1258, 6340, 1291
1258, 6350, 1291
1258, 6360, 1290
1258, 6370, 1290
1258, 6380, 1290
1258, 6390, 1290
1258, 6400, 1290
1258, 6410, 1290
1258, 6420, 1290
1258, 6430, 1290
1258, 6440, 1290
1258, 6450, 1289
1258, 6460, 1289
1258, 6470, 1289
1258, 6480, 1289
1258, 6490, 1289
1258, 6500, 1289
1258, 6510, 1289
1258, 6520, 1289
1258, 6530, 1289
1258, 6540, 1288
1258, 6550, 1288
1258, 6560, 1288
1258, 6570, 1288
1258, 6580, 1288
1258, 6590, 1288
1258, 6600, 1288
1258, 6610, 1288
1258, 6620, 1287
1258, 6630, 1287
1258, 6640, 1287
1258, 6650, 1287
1258, 6660, 1287
1258, 6670, 1287
1258, 6680, 1287
1258, 6690, 1287
1258, 6700, 1287
1258, 6710, 1287
1258, 6720, 1287
1258, 6730, 1286
1258, 6740, 1286
1258, 6750, 1286
1258, 6760, 1286
1258, 6770, 1286
1258, 6780, 1286
1258, 6790, 1286
1258, 6800, 1286
1258, 6810, 1286
1258, 6820, 1286
1258, 6830, 1286
1258, 6840, 1286
1258, 6850, 1286
1258, 6860, 1286
1258, 6870, 1285
1258, 6880, 1285
1258, 6890, 1285
1258, 6900, 1285
1258, 6910, 1285
1258, 6920, 1285
1258, 6930, 1285
1258, 6940, 1285
1258, 6950, 1285
1258, 6960, 1285
1258, 6970, 1285
1258, 6980, 1285
1258, 6990, 1284
1258, 7000, 1284
1258, 7010, 1284
1258, 7020, 1284
1258, 7030, 1284
1258, 7040, 1284
1258, 7050, 1284
1258, 7060, 1284
1258, 7070, 1284
1258, 7080, 1284
1258, 7090, 1284
1258, 7100, 1283
1258, 7110, 1283
1258, 7120, 1283
1258, 7130, 1283
1258, 7140, 1283
1258, 7150, 1283
1258, 7160, 1283
1258, 7170, 1283
1258, 7180, 1283
1258, 7190, 1283
1258, 7200, 1283
1258, 7210, 1283
1258, 7220, 1283
1258, 7230, 1282
1258, 7240, 1282
1258, 7250, 1282
1258, 7260, 1282
1258, 7270, 1282
1258, 7280, 1282
1258, 7290, 1282
1258, 7300, 1282
1258, 7310, 1282
1258, 7320, 1282
1258, 7330, 1282
1258, 7340, 1282
1258, 7350, 1281
1258, 7360, 1281
1258, 7370, 1281
1258, 7380, 1281
1258, 7390, 1281
1258, 7400, 1281
1258, 7410, 1281
1258, 7420, 1281
1258, 7430, 1281
1258, 7440, 1281
1258, 7450, 1281
1258, 7460, 1281
1258, 7470, 1281
1258, 7480, 1280
1258, 7490, 1280
1258, 7500, 1280
1258, 7510, 1280
1258, 7520, 1280
1258, 7530, 1280
1258, 7540, 1280
1258, 7550, 1280
1258, 7560, 1280
1258, 7570, 1280
1258, 7580, 1280
1258, 7590, 1280
1258, 7600, 1280
1258, 7610, 1279
1258, 7620, 1279
1258, 7630, 1279
1258, 7640, 1279
1258, 7650, 1279
1258, 7660, 1279
1258, 7670, 1279
1258, 7680, 1279
1258, 7690, 1279
1258, 7700, 1279
1258, 7710, 1279
1258, 7720, 1278
1258, 7730, 1278
1258, 7740, 1278
1258, 7750, 1278
1258, 7760, 1278
1258, 7770, 1278
1258, 7780, 1278
1258, 7790, 1278
1258, 7800, 1278
1258, 7810, 1278
1258, 7820, 1278
1258, 7830, 1278
1258, 7840, 1277
1258, 7850, 1277
1258, 7860, 1277
1258, 7870, 1277
1258, 7880, 1277
1258, 7890, 1277
1258, 7900, 1277
1258, 7910, 1277
1258, 7920, 1277
1258, 7930, 1277
1258, 7940, 1276
1258, 7950, 1276
1258, 7960, 1276
1258, 7970, 1276
1258, 7980, 1276
1258, 7990, 1276
1258, 8000, 1276
1258, 8010, 1276
1258, 8020, 1276
1258, 8030, 1276
1258, 8040, 1275
1258, 8050, 1275
1258, 8060, 1275
1258, 8070, 1275
1258, 8080, 1275
1258, 8090, 1275
1258, 8100, 1275
1258, 8110, 1275
1258, 8120, 1275
1258, 8130, 1275
1258, 8140, 1275
1258, 8150, 1275
1258, 8160, 1274
1258, 8170, 1274
1258, 8180, 1274
1258, 8190, 1274
1258, 8200, 1274
1258, 8210, 1274
1258, 8220, 1274
1258, 8230, 1274
1258, 8240, 1274
1258, 8250, 1273
1258, 8260, 1273
1258, 8270, 1273
1258, 8280, 1273
1258, 8290, 1273
1258, 8300, 1273
1258, 8310, 1273
1258, 8320, 1273
1258, 8330, 1273
1258, 8340, 1273
1258, 8350, 1273
1258, 8360, 1272
1258, 8370, 1272
1258, 8380, 1272
1258, 8390, 1272
1258, 8400, 1272
1258, 8410, 1272
1258, 8420, 1272
1258, 8430, 1272
1258, 8440, 1271
1258, 8450, 1271
1258, 8460, 1271
1258, 8470, 1271
1258, 8480, 1271
1258, 8490, 1271
1258, 8500, 1271
1258, 8510, 1271
1258, 8520, 1271
1258, 8530, 1270
1258, 8540, 1270
1258, 8550, 1270
1258, 8560, 1270
1258, 8570, 1270
1258, 8580, 1270
1258, 8590, 1270
1258, 8600, 1270
1258, 8610, 1270
1258, 8620, 1270
1258, 8630, 1270
1258, 8640, 1270
1258, 8650, 1270
1258, 8660, 1269
1258, 8670, 1269
1258, 8680, 1269
1258, 8690, 1269
1258, 8700, 1269
1258, 8710, 1269
1258, 8720, 1269
1258, 8730, 1269
1258, 8740, 1269
1258, 8750, 1269
1258, 8760, 1268
1258, 8770, 1268
1258, 8780, 1268
1258, 8790, 1268
1258, 8800, 1268
1258, 8810, 1268
1258, 8820, 1268
1258, 8830, 1268
1258, 8840, 1268
1258, 8850, 1268
1258, 8860, 1268
1258, 8870, 1268
1258, 8880, 1268
1258, 8890, 1267
1258, 8900, 1267
1258, 8910, 1267
1258, 8920, 1267
1258, 8930, 1267
1258, 8940, 1267
1258, 8950, 1267
1258, 8960, 1267
1259, 8970, 1267
1262, 8980, 1268
1264, 8990, 1270
1268, 9000, 1272
1271, 9010, 1276
1273, 9020, 1279
1277, 9030, 1281
1280, 9040, 1285
1283, 9050, 1287
1286, 9060, 1290
1290, 9070, 1293
1292, 9080, 1297
1296, 9090, 1299
1299, 9100, 1302
1302, 9110, 1305
1305, 9120, 1308
1309, 9130, 1311
1312, 9140, 1315
1314, 9150, 1317
1318, 9160, 1319
1321, 9170, 1323
1324, 9180, 1326
1327, 9190, 1329
1327, 9200, 1331
1330, 9210, 1331
1333, 9220, 1334
1337, 9230, 1337
1341, 9240, 1341
1344, 9250, 1345
1348, 9260, 1347
1351, 9270, 1351
1355, 9280, 1354
1360, 9290, 1358
1363, 9300, 1363
1367, 9310, 1366
1370, 9320, 1369
1378, 9330, 1372
1382, 9340, 1380
1384, 9350, 1384
1386, 9360, 1386
1389, 9370, 1388
1392, 9380, 1390
1394, 9390, 1393
1395, 9400, 1395
1397, 9410, 1396
1403, 9420, 1397
1411, 9430, 1403
1412, 9440, 1411
1412, 9450, 1412
1413, 9452, 1412
0, 0, 0
1, 10, 0
1, 20, 118
1, 30, 121
1, 40, 123
1, 50, 123
6, 60, 124
12, 70, 106
22, 80, 99
26, 90, 110
28, 100, 116
28, 110, 121
30, 120, 146
32, 130, 75
35, 140, 75
44, 150, 77
54, 160, 93
64, 170, 101
72, 180, 111
82, 190, 117
91, 200, 138
99, 210, 135
105, 220, 149
113, 230, 273
120, 240, 223
126, 250, 265
133, 260, 314
138, 270, 381
146, 280, 364
156, 290, 364
164, 300, 432
173, 310, 447
183, 320, 433
192, 330, 513
197, 340, 468
204, 350, 484
213, 360, 512
219, 370, 483
225, 380, 535
231, 390, 529
239, 400, 503
245, 410, 551
252, 420, 531
262, 430, 501
271, 440, 519
279, 450, 522
287, 460, 534
297, 470, 538
307, 480, 527
317, 490, 558
327, 500, 551
333, 510, 570
342, 520, 572
349, 530, 583
358, 540, 596
368, 550, 589
375, 560, 587
384, 570, 599
394, 580, 603
404, 590, 620
412, 600, 608
422, 610, 615
432, 620, 660
442, 630, 664
450, 640, 662
460, 650, 679
470, 660, 674
476, 670, 689
485, 680, 663
494, 690, 670
503, 700, 698
511, 710, 694
519, 720, 695
527, 730, 714
537, 740, 721
546, 750, 728
556, 760, 740
566, 770, 743
573, 780, 764
580, 790, 777
589, 800, 779
598, 810, 804
608, 820, 797
617, 830, 818
627, 840, 825
637, 850, 842
647, 860, 850
653, 870, 857
663, 880, 864
672, 890, 882
681, 900, 877
691, 910, 900
701, 920, 915
710, 930, 930
719, 940, 932
727, 950, 957
736, 960, 965
745, 970, 953
753, 980, 976
760, 990, 981
768, 1000, 992
778, 1010, 999
786, 1020, 1027
796, 1030, 1016
803, 1040, 1032
811, 1050, 1038
821, 1060, 1057
829, 1070, 1071
839, 1080, 1090
849, 1090, 1066
857, 1100, 1087
865, 1110, 1103
873, 1120, 1104
881, 1130, 1117
889, 1140, 1124
899, 1150, 1128
909, 1160, 1147
917, 1170, 1155
926, 1180, 1165
934, 1190, 1173
944, 1200, 1172
954, 1210, 1211
962, 1220, 1203
972, 1230, 1234
980, 1240, 1249
990, 1250, 1253
998, 1260, 1263
1008, 1270, 1280
1018, 1280, 1307
1025, 1290, 1350
1035, 1300, 1334
1043, 1310, 1350
1053, 1320, 1384
1063, 1330, 1382
1072, 1340, 1422
1082, 1350, 1442
1090, 1360, 1458
1098, 1370, 1451
1107, 1380, 1469
1113, 1390, 1470
1120, 1400, 1485
1129, 1410, 1517
1135, 1420, 1511
1143, 1430, 1540
1149, 1440, 1531
1156, 1450, 1573
1163, 1460, 1565
1173, 1470, 1598
1182, 1480, 1597
1191, 1490, 1623
1196, 1500, 1647
1203, 1510, 1669
1210, 1520, 1707
1212, 1530, 1669
1213, 1540, 1709
1214, 1550, 1670
1217, 1560, 1681
1220, 1570, 1713
1223, 1580, 1719
1223, 1590, 1728
1227, 1600, 1718
1228, 1610, 1719
1231, 1620, 1729
1240, 1630, 1731
1243, 1640, 1742
1244, 1650, 1747
1244, 1660, 1741
1247, 1670, 1752
1249, 1680, 1760
1250, 1690, 1746
1252, 1700, 1756
1253, 1710, 1762
1255, 1720, 1758
1256, 1730, 1766
1258, 1740, 1771
1258, 1750, 1793
1258, 1760, 1797
1259, 1770, 1783
1259, 1780, 1821
1259, 1790, 1824
1262, 1800, 1848
1266, 1810, 1862
1270, 1820, 1833
1273, 1830, 1850
1274, 1840, 1887
1274, 1850, 1876
1277, 1860, 1850
1280, 1870, 1842
1282, 1880, 1836
1283, 1890, 1844
1284, 1900, 1848
1284, 1910, 1868
1284, 1920, 1853
1284, 1930, 1877
1285, 1940, 1863
1288, 1950, 1880
1288, 1960, 1880
1288, 1970, 1903
1288, 1980, 1955
1288, 1990, 1952
1290, 2000, 1950
1290, 2010, 1950
1290, 2020, 1906
1290, 2030, 1908
1291, 2040, 1900
1292, 2050, 1908
1294, 2060, 1911
1294, 2070, 1922
1294, 2080, 1915
1294, 2090, 1921
1294, 2100, 1916
1295, 2110, 1925
1295, 2120, 1920
1295, 2130, 1917
1295, 2140, 1905
1296, 2150, 1916
1296, 2160, 1914
1296, 2170, 1923
1296, 2180, 1938
1297, 2190, 1919
1298, 2200, 1938
1298, 2210, 1937
1298, 2220, 1947
1299, 2230, 1938
1300, 2240, 1936
1300, 2250, 1930
1300, 2260, 1940
1300, 2270, 1932
1302, 2280, 1937
1302, 2290, 1890
1302, 2300, 1895
1302, 2310, 1894
1302, 2320, 1900
1303, 2330, 1888
1304, 2340, 1897
1305, 2350, 1879
1306, 2360, 1851
1306, 2370, 1850
1306, 2380, 1847
1306, 2390, 1845
1307, 2400, 1846
1308, 2410, 1850
1309, 2420, 1844
1309, 2430, 1861
1309, 2440, 1846
1309, 2450, 1812
1309, 2460, 1814
1309, 2470, 1798
1309, 2480, 1786
1309, 2490, 1772
1309, 2500, 1775
1310, 2510, 1794
1310, 2520, 1775
1310, 2530, 1774
1311, 2540, 1774
1311, 2550, 1749
1311, 2560, 1808
1311, 2570, 1793
1313, 2580, 1792
1313, 2590, 1801
1314, 2600, 1792
1314, 2610, 1785
1314, 2620, 1787
1314, 2630, 1753
1314, 2640, 1735
1314, 2650, 1732
1314, 2660, 1732
1314, 2670, 1725
1314, 2680, 1702
1314, 2690, 1702
1314, 2700, 1682
1315, 2710, 1699
1315, 2720, 1694
1315, 2730, 1679
1315, 2740, 1687
1315, 2750, 1692
1315, 2760, 1673
1316, 2770, 1689
1316, 2780, 1687
1316, 2790, 1670
1316, 2800, 1684
1317, 2810, 1684
1318, 2820, 1667
1318, 2830, 1664
1318, 2840, 1664
1319, 2850, 1665
1319, 2860, 1656
1319, 2870, 1663
1319, 2880, 1656
1319, 2890, 1647
1319, 2900, 1648
1321, 2910, 1645
1321, 2920, 1634
1321, 2930, 1648
1322, 2940, 1633
1322, 2950, 1638
1322, 2960, 1643
1322, 2970, 1640
1322, 2980, 1638
1322, 2990, 1627
1322, 3000, 1619
1322, 3010, 1602
1322, 3020, 1602
1322, 3030, 1596
1322, 3040, 1599
1322, 3050, 1597
1322, 3060, 1576
1322, 3070, 1562
1322, 3080, 1564
1322, 3090, 1568
1322, 3100, 1567
1322, 3110, 1569
1322, 3120, 1571
1322, 3130, 1564
1322, 3140, 1575
1322, 3150, 1568
1322, 3160, 1564
1322, 3170, 1562
1322, 3180, 1552
1322, 3190, 1552
1322, 3200, 1561
1322, 3210, 1553
1322, 3220, 1557
1322, 3230, 1559
1322, 3240, 1560
1322, 3250, 1556
1322, 3260, 1548
1322, 3270, 1547
1323, 3280, 1549
1323, 3290, 1555
1323, 3300, 1551
1323, 3310, 1546
1323, 3320, 1548
1323, 3330, 1544
1323, 3340, 1548
1323, 3350, 1548
1323, 3360, 1547
1328, 3370, 1539
1328, 3380, 1547
1328, 3390, 1552
1328, 3400, 1551
1328, 3410, 1546
1328, 3420, 1549
1328, 3430, 1551
1328, 3440, 1546
1328, 3450, 1546
1328, 3460, 1546
1328, 3470, 1544
1328, 3480, 1546
1328, 3490, 1545
1328, 3500, 1544
1328, 3510, 1544
1328, 3520, 1544
1328, 3530, 1541
1328, 3540, 1542
1328, 3550, 1538
1328, 3560, 1539
1328, 3570, 1538
1328, 3580, 1538
1328, 3590, 1536
1328, 3600, 1534
1328, 3610, 1534
1328, 3620, 1534
1328, 3630, 1534
1328, 3640, 1533
1328, 3650, 1531
1328, 3660, 1532
1328, 3670, 1530
1328, 3680, 1530
1328, 3690, 1529
1328, 3700, 1529
1329, 3710, 1527
1329, 3720, 1528
1329, 3730, 1527
1329, 3740, 1526
1329, 3750, 1526
1329, 3760, 1524
1329, 3770, 1523
1330, 3780, 1525
1330, 3790, 1522
1330, 3800, 1521
1330, 3810, 1513
1330, 3820, 1512
1330, 3830, 1513
1330, 3840, 1514
1330, 3850, 1511
1330, 3860, 1505
1330, 3870, 1505
1330, 3880, 1504
1330, 3890, 1503
1330, 3900, 1506
1330, 3910, 1506
1330, 3920, 1506
1330, 3930, 1501
1330, 3940, 1503
1330, 3950, 1503
1330, 3960, 1501
1330, 3970, 1501
1330, 3980, 1499
1330, 3990, 1498
1330, 4000, 1498
1330, 4010, 1497
1330, 4020, 1497
1330, 4030, 1496
1330, 4040, 1495
1330, 4050, 1491
1330, 4060, 1489
1330, 4070, 1489
1330, 4080, 1488
1330, 4090, 1485
1330, 4100, 1481
1330, 4110, 1481
1330, 4120, 1478
1330, 4130, 1480
1330, 4140, 1477
1330, 4150, 1476
1330, 4160, 1474
1330, 4170, 1474
1330, 4180, 1473
1330, 4190, 1473
1330, 4200, 1470
1330, 4210, 1465
1330, 4220, 1464
1330, 4230, 1459
1330, 4240, 1456
1330, 4250, 1454
1330, 4260, 1458
1330, 4270, 1453
1330, 4280, 1453
1337, 4290, 1455
1347, 4300, 1490
1357, 4310, 1496
1367, 4320, 1499
1376, 4330, 1511
1386, 4340, 1518
1396, 4350, 1525
1398, 4360, 1534
1398, 4370, 1532
1398, 4380, 1529
1398, 4390, 1529
1398, 4400, 1529
1398, 4410, 1525
1398, 4420, 1518
1398, 4430, 1515
1398, 4440, 1514
1398, 4450, 1516
1398, 4460, 1513
1398, 4470, 1510
1398, 4480, 1506
1398, 4490, 1503
1398, 4500, 1502
1398, 4510, 1501
1398, 4520, 1500
1398, 4530, 1500
1398, 4540, 1500
1398, 4550, 1499
1398, 4560, 1500
1398, 4570, 1499
1398, 4580, 1498
1398, 4590, 1497
1398, 4600, 1497
1398, 4610, 1496
1398, 4620, 1493
1398, 4630, 1495
1398, 4640, 1492
1398, 4650, 1491
1398, 4660, 1491
1398, 4670, 1491
1398, 4680, 1491
1399, 4690, 1491
1399, 4700, 1492
1399, 4710, 1491
1399, 4720, 1492
1399, 4730, 1492
1399, 4740, 1490
1399, 4750, 1488
1399, 4760, 1490
1399, 4770, 1489
1400, 4780, 1489
1401, 4790, 1491
1402, 4800, 1492
1402, 4810, 1494
1402, 4820, 1493
1402, 4830, 1492
1403, 4840, 1493
1403, 4850, 1494
1403, 4860, 1494
1403, 4870, 1493
1403, 4880, 1492
1403, 4890, 1492
1403, 4900, 1491
1403, 4910, 1491
1403, 4920, 1490
1403, 4930, 1490
1403, 4940, 1489
1403, 4950, 1489
1403, 4960, 1488
1403, 4970, 1487
1403, 4980, 1487
1403, 4990, 1487
1403, 5000, 1486
1403, 5010, 1486
1403, 5020, 1485
1403, 5030, 1485
1403, 5040, 1484
1403, 5050, 1484
1403, 5060, 1483
1403, 5070, 1483
1403, 5080, 1482
1403, 5090, 1482
1403, 5100, 1482
1403, 5110, 1481
1403, 5120, 1481
1403, 5130, 1481
1403, 5140, 1481
1403, 5150, 1480
1403, 5160, 1480
1403, 5170, 1479
1403, 5180, 1479
1403, 5190, 1478
1403, 5200, 1479
1403, 5210, 1479
1403, 5220, 1477
1403, 5230, 1476
1403, 5240, 1475
1403, 5250, 1476
1403, 5260, 1476
1403, 5270, 1475
1403, 5280, 1475
1403, 5290, 1474
1403, 5300, 1474
1403, 5310, 1474
1403, 5320, 1474
1403, 5330, 1474
1403, 5340, 1473
1403, 5350, 1473
1403, 5360, 1473
1403, 5370, 1472
1403, 5380, 1472
1403, 5390, 1471
1403, 5400, 1471
1403, 5410, 1471
1403, 5420, 1471
1403, 5430, 1470
1403, 5440, 1469
1403, 5450, 1469
1403, 5460, 1468
1403, 5470, 1467
1403, 5480, 1467
1403, 5490, 1467
1403, 5500, 1467
1403, 5510, 1466
1403, 5520, 1466
1403, 5530, 1466
1403, 5540, 1465
1403, 5550, 1465
1403, 5560, 1464
1403, 5570, 1464
1403, 5580, 1463
1403, 5590, 1463
1403, 5600, 1463
1403, 5610, 1463
1403, 5620, 1462
1403, 5630, 1461
1403, 5640, 1461
1403, 5650, 1460
1403, 5660, 1461
1403, 5670, 1460
1403, 5680, 1460
1403, 5690, 1460
1403, 5700, 1459
1403, 5710, 1460
1403, 5720, 1460
1403, 5730, 1460
1404, 5740, 1460
1405, 5750, 1462
1405, 5760, 1464
1406, 5770, 1466
1406, 5780, 1468
1406, 5790, 1468
1406, 5800, 1468
1406, 5810, 1467
1406, 5820, 1467
1406, 5830, 1467
1406, 5840, 1467
1406, 5850, 1466
1406, 5860, 1466
1406, 5870, 1465
1406, 5880, 1465
1406, 5890, 1465
1406, 5900, 1466
1406, 5910, 1464
1406, 5920, 1463
1406, 5930, 1463
1406, 5940, 1462
1406, 5950, 1461
1406, 5960, 1461
1406, 5970, 1462
1406, 5980, 1460
1406, 5990, 1463
1406, 6000, 1464
1406, 6010, 1464
1406, 6020, 1465
1406, 6030, 1467
1406, 6040, 1466
1406, 6050, 1467
1406, 6060, 1466
1406, 6070, 1466
1406, 6080, 1466
1406, 6090, 1465
1406, 6100, 1464
1406, 6110, 1465
1406, 6120, 1465
1406, 6130, 1466
1406, 6140, 1466
1406, 6150, 1465
1406, 6160, 1465
1406, 6170, 1465
1406, 6180, 1462
1406, 6190, 1462
1406, 6200, 1460
1406, 6210, 1459
1406, 6220, 1459
1406, 6230, 1459
1406, 6240, 1458
1406, 6250, 1459
1406, 6260, 1459
1406, 6270, 1459
1406, 6280, 1460
1406, 6290, 1458
1406, 6300, 1458
1406, 6310, 1459
1406, 6320, 1456
1406, 6330, 1454
1406, 6340, 1454
1406, 6350, 1453
1406, 6360, 1454
1406, 6370, 1453
1406, 6380, 1451
1406, 6390, 1451
1406, 6400, 1450
1406, 6410, 1450
1406, 6420, 1450
1406, 6430, 1449
1406, 6440, 1449
1406, 6450, 1449
1406, 6460, 1449
1406, 6470, 1449
1406, 6480, 1448
1406, 6490, 1448
1406, 6500, 1448
1406, 6510, 1447
1406, 6520, 1447
1406, 6530, 1447
1406, 6540, 1448
1406, 6550, 1447
1406, 6560, 1447
1406, 6570, 1447
1406, 6580, 1446
1406, 6590, 1447
1406, 6600, 1447
1406, 6610, 1447
1406, 6620, 1446
1406, 6630, 1447
1406, 6640, 1447
1406, 6650, 1446
1406, 6660, 1446
1406, 6670, 1446
1408, 6680, 1445
1409, 6690, 1448
1409, 6700, 1449
1409, 6710, 1448
1409, 6720, 1448
1410, 6730, 1448
1410, 6740, 1449
1410, 6750, 1449
1410, 6760, 1448
1411, 6770, 1448
1411, 6780, 1449
1411, 6790, 1449
1411, 6800, 1449
1411, 6810, 1448
1411, 6820, 1448
1411, 6830, 1447
1411, 6840, 1446
1411, 6850, 1448
1411, 6860, 1448
1411, 6870, 1446
1411, 6880, 1447
1411, 6890, 1447
1411, 6900, 1447
1411, 6910, 1446
1411, 6920, 1446
1411, 6930, 1446
1411, 6940, 1445
1411, 6950, 1445
1411, 6960, 1444
1411, 6970, 1445
1411, 6980, 1445
1411, 6990, 1445
1411, 7000, 1445
1411, 7010, 1445
1411, 7020, 1444
1411, 7030, 1444
1411, 7040, 1443
1411, 7050, 1442
1411, 7060, 1442
1411, 7070, 1442
1411, 7080, 1442
1411, 7090, 1442
1411, 7100, 1441
1411, 7110, 1441
1411, 7120, 1441
1411, 7130, 1441
1411, 7140, 1441
1411, 7150, 1441
1411, 7160, 1441
1411, 7170, 1441
1411, 7180, 1440
1411, 7190, 1440
1411, 7200, 1442
1411, 7210, 1441
1411, 7220, 1441
1411, 7230, 1441
1411, 7240, 1440
1411, 7250, 1440
1411, 7260, 1440
1411, 7270, 1440
1411, 7280, 1440
1411, 7290, 1440
1411, 7300, 1440
1411, 7310, 1440
1411, 7320, 1440
1412, 7330, 1439
1412, 7340, 1441
1412, 7350, 1441
1412, 7360, 1440
1412, 7370, 1440
1412, 7380, 1440
1412, 7390, 1442
1412, 7400, 1442
1412, 7410, 1441
1412, 7420, 1442
1412, 7430, 1441
1412, 7440, 1441
1412, 7450, 1441
1412, 7460, 1440
1412, 7470, 1440
1412, 7480, 1440
1412, 7490, 1440
1412, 7500, 1440
1412, 7510, 1440
1412, 7520, 1440
1412, 7530, 1439
1412, 7540, 1439
1412, 7550, 1439
1412, 7560, 1439
1412, 7570, 1438
1412, 7580, 1438
1412, 7590, 1438
1412, 7600, 1438
1412, 7610, 1437
1412, 7620, 1437
1412, 7630, 1436
1412, 7640, 1435
1412, 7650, 1435
1412, 7660, 1435
1412, 7670, 1435
1412, 7680, 1434
1412, 7690, 1434
1412, 7700, 1434
1412, 7710, 1434
1412, 7720, 1434
1412, 7730, 1434
1412, 7740, 1433
1412, 7750, 1433
1412, 7760, 1433
1412, 7770, 1433
1412, 7780, 1433
1412, 7790, 1433
1412, 7800, 1433
1412, 7810, 1433
1412, 7820, 1432
1412, 7830, 1432
1412, 7840, 1433
1412, 7850, 1433
1412, 7860, 1433
1412, 7870, 1433
1412, 7880, 1433
1412, 7890, 1432
1412, 7900, 1432
1412, 7910, 1432
1412, 7920, 1432
1412, 7930, 1432
1412, 7940, 1431
1412, 7950, 1431
1412, 7960, 1431
1412, 7970, 1432
1412, 7980, 1431
1412, 7990, 1432
1412, 8000, 1431
1412, 8010, 1431
1412, 8020, 1431
1412, 8030, 1431
1412, 8040, 1430
1412, 8050, 1431
1412, 8060, 1430
1412, 8070, 1430
1412, 8080, 1429
1412, 8090, 1429
1412, 8100, 1429
1412, 8110, 1429
1412, 8120, 1429
1412, 8130, 1428
1412, 8140, 1428
1412, 8150, 1428
1412, 8160, 1427
1412, 8170, 1427
1412, 8180, 1427
1412, 8190, 1427
1412, 8200, 1426
1412, 8210, 1426
1412, 8220, 1426
1412, 8230, 1426
1412, 8240, 1426
1412, 8250, 1425
1412, 8260, 1425
1412, 8270, 1425
1412, 8280, 1425
1412, 8290, 1425
1412, 8300, 1425
1412, 8310, 1425
1412, 8320, 1425
1412, 8330, 1425
1412, 8340, 1424
1412, 8350, 1424
1412, 8360, 1424
1412, 8370, 1424
1412, 8380, 1424
1412, 8390, 1424
1412, 8400, 1424
1412, 8410, 1423
1412, 8420, 1424
1412, 8430, 1424
1412, 8440, 1424
1412, 8450, 1424
1412, 8460, 1423
1412, 8470, 1423
1412, 8480, 1423
1412, 8490, 1422
1412, 8500, 1422
1412, 8510, 1422
1412, 8520, 1422
1412, 8530, 1422
1412, 8540, 1421
1412, 8550, 1421
1412, 8560, 1421
1412, 8570, 1421
1412, 8580, 1421
1412, 8590, 1421
1412, 8600, 1420
1412, 8610, 1420
1412, 8620, 1420
1412, 8630, 1420
1412, 8640, 1420
1412, 8650, 1420
1412, 8660, 1420
1412, 8670, 1420
1412, 8680, 1420
1412, 8690, 1419
1412, 8700, 1420
1412, 8710, 1419
1412, 8720, 1419
1412, 8730, 1419
1412, 8740, 1419
1412, 8750, 1419
1412, 8760, 1419
1412, 8770, 1418
1412, 8780, 1418
1412, 8790, 1418
1412, 8800, 1418
1412, 8810, 1418
1412, 8820, 1418
1412, 8830, 1418
1412, 8840, 1417
1412, 8850, 1417
1412, 8860, 1417
1412, 8870, 1417
1412, 8880, 1417
1412, 8890, 1417
1412, 8900, 1417
1412, 8910, 1417
1412, 8920, 1417
1412, 8930, 1417
1412, 8940, 1416
1412, 8950, 1416
1412, 8960, 1416
1412, 8970, 1416
1412, 8980, 1416
1412, 8990, 1415
1412, 9000, 1415
1412, 9010, 1415
1412, 9020, 1415
1412, 9030, 1415
1412, 9040, 1415
1412, 9050, 1415
1413, 9060, 1415

------------------------------------------------------------
Sender: LSF System <lsfadmin@n2c3-3>
Subject: Job 223317: </share/tjmenzie/zyu9/miniconda2/bin/python2.7 runner.py exp_HPC 2> in cluster <henry2> Done

Job </share/tjmenzie/zyu9/miniconda2/bin/python2.7 runner.py exp_HPC 2> was submitted from host <login01> by user <zyu9> in cluster <henry2> at Fri Mar 15 14:39:53 2019.
Job was executed on host(s) <2*n2c3-3>, in queue <single_chassis>, as user <zyu9> in cluster <henry2> at Fri Mar 15 14:39:59 2019.
</home/zyu9> was used as the home directory.
</home/zyu9/projects/Better-Est/src> was used as the working directory.
Started at Fri Mar 15 14:39:59 2019.
Terminated at Fri Mar 15 23:45:29 2019.
Results reported at Fri Mar 15 23:45:29 2019.

Your job looked like:

------------------------------------------------------------
# LSBATCH: User input
/share/tjmenzie/zyu9/miniconda2/bin/python2.7 runner.py exp_HPC 2
------------------------------------------------------------

Successfully completed.

Resource usage summary:

    CPU time :                                   37691.94 sec.
    Max Memory :                                 397.00 MB
    Average Memory :                             158.91 MB
    Total Requested Memory :                     -
    Delta Memory :                               -
    Max Swap :                                   1725 MB
    Max Processes :                              3
    Max Threads :                                15
    Run time :                                   32745 sec.
    Turnaround time :                            32736 sec.

The output (if any) is above this job summary.



PS:

Read file <./err/2.err.223317> for stderr output of this job.

