0, 0, 741
9, 10, 741
19, 20, 747
27, 30, 754
37, 40, 758
46, 50, 768
56, 60, 774
66, 70, 781
74, 80, 787
82, 90, 793
91, 100, 797
96, 110, 803
104, 120, 805
112, 130, 810
119, 140, 814
128, 150, 817
134, 160, 822
143, 170, 825
151, 180, 830
161, 190, 835
168, 200, 841
178, 210, 845
186, 220, 851
195, 230, 855
204, 240, 861
214, 250, 866
223, 260, 872
232, 270, 878
239, 280, 883
246, 290, 888
254, 300, 892
264, 310, 896
271, 320, 902
279, 330, 905
287, 340, 908
293, 350, 913
301, 360, 915
303, 370, 919
313, 380, 918
319, 390, 924
326, 400, 926
333, 410, 930
337, 420, 933
346, 430, 934
355, 440, 939
358, 450, 944
367, 460, 943
372, 470, 948
379, 480, 950
387, 490, 954
397, 500, 959
402, 510, 965
405, 520, 966
413, 530, 966
420, 540, 970
426, 550, 973
431, 560, 975
436, 570, 977
441, 580, 978
447, 590, 980
454, 600, 983
460, 610, 986
470, 620, 989
478, 630, 995
487, 640, 999
494, 650, 1004
501, 660, 1008
511, 670, 1011
516, 680, 1016
525, 690, 1018
535, 700, 1023
542, 710, 1029
549, 720, 1033
559, 730, 1037
566, 740, 1045
573, 750, 1047
582, 760, 1051
591, 770, 1057
600, 780, 1062
609, 790, 1068
616, 800, 1074
624, 810, 1077
632, 820, 1082
636, 830, 1085
644, 840, 1086
653, 850, 1090
661, 860, 1095
667, 870, 1099
676, 880, 1101
683, 890, 1107
689, 900, 1111
695, 910, 1113
701, 920, 1115
705, 930, 1118
711, 940, 1118
718, 950, 1120
726, 960, 1124
733, 970, 1129
740, 980, 1133
747, 990, 1136
755, 1000, 1140
762, 1010, 1144
769, 1020, 1148
777, 1030, 1151
786, 1040, 1156
790, 1050, 1161
791, 1060, 1162
801, 1070, 1161
809, 1080, 1166
814, 1090, 1170
819, 1100, 1171
828, 1110, 1173
835, 1120, 1178
843, 1130, 1182
843, 1140, 1186
852, 1150, 1183
859, 1160, 1188
868, 1170, 1193
872, 1180, 1199
873, 1190, 1199
881, 1200, 1195
881, 1210, 1199
887, 1220, 1196
895, 1230, 1199
903, 1240, 1203
910, 1250, 1208
919, 1260, 1211
928, 1270, 1215
931, 1280, 1220
935, 1290, 1219
942, 1300, 1219
943, 1310, 1223
952, 1320, 1221
958, 1330, 1226
964, 1340, 1229
973, 1350, 1231
983, 1360, 1236
984, 1370, 1243
989, 1380, 1240
994, 1390, 1242
999, 1400, 1243
1005, 1410, 1245
1015, 1420, 1248
1024, 1430, 1254
1032, 1440, 1259
1039, 1450, 1263
1045, 1460, 1266
1051, 1470, 1269
1058, 1480, 1270
1062, 1490, 1273
1068, 1500, 1273
1077, 1510, 1274
1081, 1520, 1279
1090, 1530, 1279
1092, 1540, 1284
1100, 1550, 1283
1107, 1560, 1286
1115, 1570, 1288
1124, 1580, 1292
1129, 1590, 1297
1132, 1600, 1298
1137, 1610, 1297
1144, 1620, 1298
1150, 1630, 1299
1157, 1640, 1302
1161, 1650, 1304
1170, 1660, 1304
1176, 1670, 1309
1176, 1680, 1311
1183, 1690, 1308
1185, 1700, 1311
1189, 1710, 1310
1194, 1720, 1310
1198, 1730, 1311
1206, 1740, 1310
1212, 1750, 1314
1221, 1760, 1317
1229, 1770, 1320
1238, 1780, 1324
1242, 1790, 1328
1246, 1800, 1329
1254, 1810, 1329
1258, 1820, 1333
1258, 1830, 1335
1258, 1840, 1335
1258, 1850, 1334
1258, 1860, 1334
1258, 1870, 1334
1258, 1880, 1334
1258, 1890, 1334
1258, 1900, 1334
1258, 1910, 1334
1258, 1920, 1334
1258, 1930, 1334
1258, 1940, 1334
1258, 1950, 1333
1258, 1960, 1333
1258, 1970, 1333
1258, 1980, 1333
1258, 1990, 1333
1258, 2000, 1333
1258, 2010, 1333
1258, 2020, 1332
1258, 2030, 1332
1258, 2040, 1332
1258, 2050, 1332
1258, 2060, 1332
1258, 2070, 1332
1258, 2080, 1332
1258, 2090, 1332
1258, 2100, 1332
1258, 2110, 1331
1258, 2120, 1331
1258, 2130, 1331
1258, 2140, 1331
1258, 2150, 1331
1258, 2160, 1331
1258, 2170, 1331
1258, 2180, 1331
1258, 2190, 1330
1258, 2200, 1330
1258, 2210, 1330
1258, 2220, 1330
1258, 2230, 1330
1258, 2240, 1330
1258, 2250, 1330
1258, 2260, 1329
1258, 2270, 1329
1258, 2280, 1329
1258, 2290, 1329
1258, 2300, 1329
1258, 2310, 1329
1258, 2320, 1329
1258, 2330, 1329
1258, 2340, 1329
1258, 2350, 1329
1258, 2360, 1329
1258, 2370, 1329
1258, 2380, 1328
1258, 2390, 1328
1258, 2400, 1328
1258, 2410, 1328
1258, 2420, 1328
1258, 2430, 1328
1258, 2440, 1328
1258, 2450, 1328
1258, 2460, 1328
1258, 2470, 1328
1258, 2480, 1328
1258, 2490, 1327
1258, 2500, 1327
1258, 2510, 1327
1258, 2520, 1327
1258, 2530, 1327
1258, 2540, 1327
1258, 2550, 1327
1258, 2560, 1327
1258, 2570, 1327
1258, 2580, 1326
1258, 2590, 1326
1258, 2600, 1326
1258, 2610, 1326
1258, 2620, 1326
1258, 2630, 1326
1258, 2640, 1326
1258, 2650, 1326
1258, 2660, 1325
1258, 2670, 1325
1258, 2680, 1325
1258, 2690, 1325
1258, 2700, 1325
1258, 2710, 1325
1258, 2720, 1325
1258, 2730, 1325
1258, 2740, 1324

------------------------------------------------------------
Sender: LSF System <lsfadmin@n2b1-11>
Subject: Job 137739: </share/tjmenzie/zyu9/miniconda2/bin/python2.7 runner.py exp_HPC 2> in cluster <henry2> Done

Job </share/tjmenzie/zyu9/miniconda2/bin/python2.7 runner.py exp_HPC 2> was submitted from host <login01> by user <zyu9> in cluster <henry2> at Wed Mar  6 10:48:08 2019.
Job was executed on host(s) <2*n2b1-11>, in queue <single_chassis>, as user <zyu9> in cluster <henry2> at Wed Mar  6 10:48:15 2019.
</home/zyu9> was used as the home directory.
</home/zyu9/projects/Better-Est/src> was used as the working directory.
Started at Wed Mar  6 10:48:15 2019.
Terminated at Wed Mar  6 13:28:54 2019.
Results reported at Wed Mar  6 13:28:54 2019.

Your job looked like:

------------------------------------------------------------
# LSBATCH: User input
/share/tjmenzie/zyu9/miniconda2/bin/python2.7 runner.py exp_HPC 2
------------------------------------------------------------

Successfully completed.

Resource usage summary:

    CPU time :                                   10519.95 sec.
    Max Memory :                                 397.38 MB
    Average Memory :                             185.15 MB
    Total Requested Memory :                     -
    Delta Memory :                               -
    Max Swap :                                   1453 MB
    Max Processes :                              3
    Max Threads :                                11
    Run time :                                   9650 sec.
    Turnaround time :                            9646 sec.

The output (if any) is above this job summary.



PS:

Read file <./err/2.err.137739> for stderr output of this job.

