0, 0, 741
9, 10, 741
19, 20, 747
27, 30, 754
37, 40, 758
46, 50, 768
56, 60, 774
66, 70, 781
74, 80, 787
82, 90, 793
91, 100, 797
96, 110, 803
104, 120, 805
112, 130, 810
119, 140, 814
128, 150, 817
134, 160, 822
143, 170, 825
151, 180, 830
161, 190, 835
168, 200, 841
178, 210, 845
186, 220, 851
195, 230, 855
204, 240, 861
214, 250, 866
223, 260, 872
232, 270, 878
239, 280, 883
246, 290, 888
254, 300, 892
264, 310, 896
271, 320, 902
279, 330, 905
287, 340, 908
293, 350, 913
301, 360, 915
303, 370, 919
313, 380, 918
319, 390, 924
326, 400, 926
333, 410, 930
337, 420, 933
346, 430, 934
355, 440, 939
358, 450, 944
367, 460, 943
372, 470, 948
379, 480, 950
387, 490, 954
397, 500, 959
402, 510, 965
405, 520, 966
413, 530, 966
420, 540, 970
426, 550, 973
431, 560, 975
436, 570, 977
441, 580, 978
447, 590, 980
454, 600, 983
460, 610, 986
470, 620, 989
478, 630, 995
487, 640, 999
494, 650, 1004
501, 660, 1008
511, 670, 1011
516, 680, 1016
525, 690, 1018
535, 700, 1023
542, 710, 1029
549, 720, 1033
559, 730, 1037
566, 740, 1045
573, 750, 1047
582, 760, 1051
591, 770, 1057
600, 780, 1062
609, 790, 1068
616, 800, 1074
624, 810, 1077
632, 820, 1082
636, 830, 1085
644, 840, 1086
653, 850, 1090
661, 860, 1095
667, 870, 1099
676, 880, 1101
683, 890, 1107
689, 900, 1111
695, 910, 1113
701, 920, 1115
705, 930, 1118
711, 940, 1118
718, 950, 1120
726, 960, 1124
733, 970, 1129
740, 980, 1133
747, 990, 1136
755, 1000, 1140
762, 1010, 1144
769, 1020, 1148
777, 1030, 1151
786, 1040, 1156
790, 1050, 1161
791, 1060, 1162
801, 1070, 1161
809, 1080, 1166
814, 1090, 1170
819, 1100, 1171
828, 1110, 1173
835, 1120, 1178
843, 1130, 1182
843, 1140, 1186
852, 1150, 1183
859, 1160, 1188
868, 1170, 1193
872, 1180, 1199
873, 1190, 1199
881, 1200, 1195
881, 1210, 1199
887, 1220, 1196
895, 1230, 1199
903, 1240, 1203
910, 1250, 1208
919, 1260, 1211
928, 1270, 1215
931, 1280, 1220
935, 1290, 1219
942, 1300, 1219
943, 1310, 1223
952, 1320, 1221
958, 1330, 1226
964, 1340, 1229
973, 1350, 1231
983, 1360, 1236
984, 1370, 1243
989, 1380, 1240
994, 1390, 1242
999, 1400, 1243
1005, 1410, 1245
1015, 1420, 1248
1024, 1430, 1254
1032, 1440, 1259
1039, 1450, 1263
1045, 1460, 1266
1051, 1470, 1269
1058, 1480, 1270
1062, 1490, 1273
1068, 1500, 1273
1077, 1510, 1274
1081, 1520, 1279
1090, 1530, 1279
1092, 1540, 1284
1100, 1550, 1283
1107, 1560, 1286
1115, 1570, 1288
1124, 1580, 1292
1129, 1590, 1297
1132, 1600, 1298
1137, 1610, 1297
1144, 1620, 1298
1150, 1630, 1299
1157, 1640, 1302
1161, 1650, 1304
1170, 1660, 1304
1176, 1670, 1309
1176, 1680, 1311
1183, 1690, 1308
1185, 1700, 1311
1189, 1710, 1310
1194, 1720, 1310
1198, 1730, 1311
1206, 1740, 1310
1212, 1750, 1314
1221, 1760, 1317
1229, 1770, 1320
1238, 1780, 1324
1242, 1790, 1328
1246, 1800, 1329
1254, 1810, 1329
1258, 1820, 1333
1258, 1830, 1335
1258, 1840, 1335
1258, 1850, 1334
1258, 1860, 1334
1258, 1870, 1334
1258, 1880, 1334
1258, 1890, 1334
1258, 1900, 1334
1258, 1910, 1334
1258, 1920, 1334
1258, 1930, 1334
1258, 1940, 1334
1258, 1950, 1333
1258, 1960, 1333
1258, 1970, 1333
1258, 1980, 1333
1258, 1990, 1333
1258, 2000, 1333
1258, 2010, 1333
1258, 2020, 1332
1258, 2030, 1332
1258, 2040, 1332
1258, 2050, 1332
1258, 2060, 1332
1258, 2070, 1332
1258, 2080, 1332
1258, 2090, 1332
1258, 2100, 1332
1258, 2110, 1331
1258, 2120, 1331
1258, 2130, 1331
1258, 2140, 1331
1258, 2150, 1331
1258, 2160, 1331
1258, 2170, 1331
1258, 2180, 1331
1258, 2190, 1330
1258, 2200, 1330
1258, 2210, 1330
1258, 2220, 1330
1258, 2230, 1330
1258, 2240, 1330
1258, 2250, 1330
1258, 2260, 1329
1258, 2270, 1329
1258, 2280, 1329
1258, 2290, 1329
1258, 2300, 1329
1258, 2310, 1329
1258, 2320, 1329
1258, 2330, 1329
1258, 2340, 1329
1258, 2350, 1329
1258, 2360, 1329
1258, 2370, 1329
1258, 2380, 1328
1258, 2390, 1328
1258, 2400, 1328
1258, 2410, 1328
1258, 2420, 1328
1258, 2430, 1328
1258, 2440, 1328
1258, 2450, 1328
1258, 2460, 1328
1258, 2470, 1328
1258, 2480, 1328
1258, 2490, 1327
1258, 2500, 1327
1258, 2510, 1327
1258, 2520, 1327
1258, 2530, 1327
1258, 2540, 1327
1258, 2550, 1327
1258, 2560, 1327
1258, 2570, 1327
1258, 2580, 1326
1258, 2590, 1326
1258, 2600, 1326
1258, 2610, 1326
1258, 2620, 1326
1258, 2630, 1326
1258, 2640, 1326
1258, 2650, 1326
1258, 2660, 1325
1258, 2670, 1325
1258, 2680, 1325
1258, 2690, 1325
1258, 2700, 1325
1258, 2710, 1325
1258, 2720, 1325
1258, 2730, 1325
1258, 2740, 1324
1258, 2750, 1324
1258, 2760, 1324
1258, 2770, 1324
1258, 2780, 1324
1258, 2790, 1324
1258, 2800, 1323
1258, 2810, 1323
1258, 2820, 1323
1258, 2830, 1323
1258, 2840, 1323
1258, 2850, 1322
1258, 2860, 1322
1258, 2870, 1322
1258, 2880, 1322
1258, 2890, 1322
1258, 2900, 1322
1258, 2910, 1322
1258, 2920, 1321
1258, 2930, 1321
1258, 2940, 1321
1258, 2950, 1321
1258, 2960, 1321
1258, 2970, 1321
1258, 2980, 1321
1258, 2990, 1321
1258, 3000, 1321
1258, 3010, 1321
1258, 3020, 1321
1258, 3030, 1321
1258, 3040, 1320
1258, 3050, 1320
1258, 3060, 1320
1258, 3070, 1320
1258, 3080, 1320
1258, 3090, 1320
1258, 3100, 1320
1258, 3110, 1320
1258, 3120, 1320
1258, 3130, 1319
1258, 3140, 1319
1258, 3150, 1319
1258, 3160, 1319
1258, 3170, 1319
1258, 3180, 1319
1258, 3190, 1319
1258, 3200, 1319
1258, 3210, 1319
1258, 3220, 1319
1258, 3230, 1319
1258, 3240, 1319
1258, 3250, 1319
1258, 3260, 1318
1258, 3270, 1318
1258, 3280, 1318
1258, 3290, 1318
1258, 3300, 1318
1258, 3310, 1318
1258, 3320, 1318
1258, 3330, 1318
1258, 3340, 1318
1258, 3350, 1318
1258, 3360, 1318
1258, 3370, 1317
1258, 3380, 1317
1258, 3390, 1317
1258, 3400, 1317
1258, 3410, 1317
1258, 3420, 1317
1258, 3430, 1317
1258, 3440, 1317
1258, 3450, 1317
1258, 3460, 1317
1258, 3470, 1317
1258, 3480, 1317
1258, 3490, 1316
1258, 3500, 1316
1258, 3510, 1316
1258, 3520, 1316
1258, 3530, 1316
1258, 3540, 1316
1258, 3550, 1316
1258, 3560, 1316
1258, 3570, 1315
1258, 3580, 1315
1258, 3590, 1316
1258, 3600, 1316
1258, 3610, 1316
1258, 3620, 1315
1258, 3630, 1315
1258, 3640, 1315
1258, 3650, 1315
1258, 3660, 1315
1258, 3670, 1315
1258, 3680, 1315
1258, 3690, 1315
1258, 3700, 1315
1258, 3710, 1314
1258, 3720, 1314
1258, 3730, 1314
1258, 3740, 1314
1258, 3750, 1314
1258, 3760, 1314
1258, 3770, 1314
1258, 3780, 1314
1258, 3790, 1314
1258, 3800, 1314
1258, 3810, 1314
1258, 3820, 1314
1258, 3830, 1313
1258, 3840, 1313
1258, 3850, 1313
1258, 3860, 1313
1258, 3870, 1313
1258, 3880, 1313
1258, 3890, 1313
1258, 3900, 1313
1258, 3910, 1313
1258, 3920, 1313
1258, 3930, 1313
1258, 3940, 1313
1258, 3950, 1312
1258, 3960, 1312
1258, 3970, 1312
1258, 3980, 1312
1258, 3990, 1312
1258, 4000, 1312
1258, 4010, 1312
1258, 4020, 1312
1258, 4030, 1312
1258, 4040, 1312
1258, 4050, 1311
1258, 4060, 1311
1258, 4070, 1311
1258, 4080, 1311
1258, 4090, 1311
1258, 4100, 1311
1258, 4110, 1311
1258, 4120, 1311
1258, 4130, 1311
1258, 4140, 1311
1258, 4150, 1311
1258, 4160, 1310
1258, 4170, 1310
1258, 4180, 1310
1258, 4190, 1310
1258, 4200, 1310
1258, 4210, 1310
1258, 4220, 1310
1258, 4230, 1310
1258, 4240, 1310
1258, 4250, 1310
1258, 4260, 1310
1258, 4270, 1310
1258, 4280, 1310
1258, 4290, 1310
1258, 4300, 1309
1258, 4310, 1309
1258, 4320, 1309
1258, 4330, 1309
1258, 4340, 1309
1258, 4350, 1309
1258, 4360, 1309
1258, 4370, 1308
1258, 4380, 1308
1258, 4390, 1308
1258, 4400, 1308
1258, 4410, 1308
1258, 4420, 1308
1258, 4430, 1308
1258, 4440, 1308
1258, 4450, 1308
1258, 4460, 1308
1258, 4470, 1308
1258, 4480, 1308
1258, 4490, 1307
1258, 4500, 1307
1258, 4510, 1307
1258, 4520, 1307
1258, 4530, 1307
1258, 4540, 1307
1258, 4550, 1307
1258, 4560, 1307
1258, 4570, 1307
1258, 4580, 1307
1258, 4590, 1306
1258, 4600, 1306
1258, 4610, 1306
1258, 4620, 1306
1258, 4630, 1306
1258, 4640, 1306
1258, 4650, 1305
1258, 4660, 1305
1258, 4670, 1305
1258, 4680, 1305
1258, 4690, 1305
1258, 4700, 1305
1258, 4710, 1304
1258, 4720, 1304
1258, 4730, 1304
1258, 4740, 1304
1258, 4750, 1304
1258, 4760, 1304
1258, 4770, 1304
1258, 4780, 1304
1258, 4790, 1304
1258, 4800, 1304
1258, 4810, 1304
1258, 4820, 1304
1258, 4830, 1303
1258, 4840, 1303
1258, 4850, 1303
1258, 4860, 1303
1258, 4870, 1303
1258, 4880, 1303
1258, 4890, 1303
1258, 4900, 1303
1258, 4910, 1303
1258, 4920, 1303
1258, 4930, 1303
1258, 4940, 1303
1258, 4950, 1302
1258, 4960, 1302
1258, 4970, 1302
1258, 4980, 1302
1258, 4990, 1302
1258, 5000, 1302
1258, 5010, 1302
1258, 5020, 1302
1258, 5030, 1302
1258, 5040, 1302
1258, 5050, 1301
1258, 5060, 1301
1258, 5070, 1301
1258, 5080, 1301
1258, 5090, 1301
1258, 5100, 1301
1258, 5110, 1301
1258, 5120, 1301
1258, 5130, 1301
1258, 5140, 1301
1258, 5150, 1300
1258, 5160, 1300
1258, 5170, 1300
1258, 5180, 1300
1258, 5190, 1300
1258, 5200, 1300
1258, 5210, 1300
1258, 5220, 1300
1258, 5230, 1300
1258, 5240, 1300
1258, 5250, 1300
1258, 5260, 1300
1258, 5270, 1300
1258, 5280, 1300
1258, 5290, 1299
1258, 5300, 1299
1258, 5310, 1299
1258, 5320, 1299
1258, 5330, 1299
1258, 5340, 1299
1258, 5350, 1299
1258, 5360, 1299
1258, 5370, 1299
1258, 5380, 1299
1258, 5390, 1298
1258, 5400, 1298
1258, 5410, 1298
1258, 5420, 1298
1258, 5430, 1298
1258, 5440, 1298
1258, 5450, 1298
1258, 5460, 1298
1258, 5470, 1298
1258, 5480, 1298
1258, 5490, 1298
1258, 5500, 1297
1258, 5510, 1297
1258, 5520, 1297
1258, 5530, 1297
1258, 5540, 1297
1258, 5550, 1297
1258, 5560, 1297
1258, 5570, 1297
1258, 5580, 1297
1258, 5590, 1297
1258, 5600, 1297
1258, 5610, 1297
1258, 5620, 1297
1258, 5630, 1296
1258, 5640, 1296
1258, 5650, 1296
1258, 5660, 1296
1258, 5670, 1296
1258, 5680, 1296
1258, 5690, 1296
1258, 5700, 1296
1258, 5710, 1296
1258, 5720, 1296
1258, 5730, 1295
1258, 5740, 1295
1258, 5750, 1295
1258, 5760, 1295
1258, 5770, 1295
1258, 5780, 1295
1258, 5790, 1295
1258, 5800, 1295
1258, 5810, 1295
1258, 5820, 1295
1258, 5830, 1294
1258, 5840, 1294
1258, 5850, 1294
1258, 5860, 1294
1258, 5870, 1294
1258, 5880, 1294
1258, 5890, 1294
1258, 5900, 1294
1258, 5910, 1294
1258, 5920, 1294
1258, 5930, 1294
1258, 5940, 1294
1258, 5950, 1294
1258, 5960, 1294
1258, 5970, 1294
1258, 5980, 1293
1258, 5990, 1293
1258, 6000, 1293
1258, 6010, 1293
1258, 6020, 1293
1258, 6030, 1293
1258, 6040, 1293
1258, 6050, 1293
1258, 6060, 1293
1258, 6070, 1293
1258, 6080, 1293
1258, 6090, 1293
1258, 6100, 1293
1258, 6110, 1293
1258, 6120, 1293
1258, 6130, 1292
1258, 6140, 1292
1258, 6150, 1292
1258, 6160, 1292
1258, 6170, 1292
1258, 6180, 1292
1258, 6190, 1292
1258, 6200, 1292
1258, 6210, 1292
1258, 6220, 1292
1258, 6230, 1292
1258, 6240, 1291
1258, 6250, 1291
1258, 6260, 1291
1258, 6270, 1291
1258, 6280, 1291
1258, 6290, 1291
1258, 6300, 1291
1258, 6310, 1291
1258, 6320, 1291
1258, 6330, 1291
1258, 6340, 1291
1258, 6350, 1291
1258, 6360, 1290
1258, 6370, 1290
1258, 6380, 1290
1258, 6390, 1290
1258, 6400, 1290
1258, 6410, 1290
1258, 6420, 1290
1258, 6430, 1290
1258, 6440, 1290
1258, 6450, 1289
1258, 6460, 1289
1258, 6470, 1289
1258, 6480, 1289
1258, 6490, 1289
1258, 6500, 1289
1258, 6510, 1289
1258, 6520, 1289
1258, 6530, 1289
1258, 6540, 1288
1258, 6550, 1288
1258, 6560, 1288
1258, 6570, 1288
1258, 6580, 1288
1258, 6590, 1288
1258, 6600, 1288
1258, 6610, 1288
1258, 6620, 1287
1258, 6630, 1287
1258, 6640, 1287
1258, 6650, 1287
1258, 6660, 1287
1258, 6670, 1287
1258, 6680, 1287
1258, 6690, 1287
1258, 6700, 1287
1258, 6710, 1287
1258, 6720, 1287
1258, 6730, 1286
1258, 6740, 1286
1258, 6750, 1286
1258, 6760, 1286
1258, 6770, 1286
1258, 6780, 1286
1258, 6790, 1286
1258, 6800, 1286
1258, 6810, 1286
1258, 6820, 1286
1258, 6830, 1286
1258, 6840, 1286
1258, 6850, 1286
1258, 6860, 1286
1258, 6870, 1285
1258, 6880, 1285
1258, 6890, 1285
1258, 6900, 1285
1258, 6910, 1285
1258, 6920, 1285
1258, 6930, 1285
1258, 6940, 1285
1258, 6950, 1285
1258, 6960, 1285
1258, 6970, 1285
1258, 6980, 1285
1258, 6990, 1284
1258, 7000, 1284
1258, 7010, 1284
1258, 7020, 1284
1258, 7030, 1284
1258, 7040, 1284
1258, 7050, 1284
1258, 7060, 1284
1258, 7070, 1284
1258, 7080, 1284
1258, 7090, 1284
1258, 7100, 1283
1258, 7110, 1283
1258, 7120, 1283
1258, 7130, 1283
1258, 7140, 1283
1258, 7150, 1283
1258, 7160, 1283
1258, 7170, 1283
1258, 7180, 1283
1258, 7190, 1283
1258, 7200, 1283
1258, 7210, 1283
1258, 7220, 1283
1258, 7230, 1282
1258, 7240, 1282
1258, 7250, 1282
1258, 7260, 1282
1258, 7270, 1282
1258, 7280, 1282
1258, 7290, 1282
1258, 7300, 1282
1258, 7310, 1282
1258, 7320, 1282
1258, 7330, 1282
1258, 7340, 1282
1258, 7350, 1281
1258, 7360, 1281
1258, 7370, 1281
1258, 7380, 1281
1258, 7390, 1281
1258, 7400, 1281
1258, 7410, 1281
1258, 7420, 1281
1258, 7430, 1281
1258, 7440, 1281
1258, 7450, 1281
1258, 7460, 1281
1258, 7470, 1281
1258, 7480, 1280
1258, 7490, 1280
1258, 7500, 1280
1258, 7510, 1280
1258, 7520, 1280
1258, 7530, 1280
1258, 7540, 1280
1258, 7550, 1280
1258, 7560, 1280
1258, 7570, 1280
1258, 7580, 1280
1258, 7590, 1280
1258, 7600, 1280
1258, 7610, 1279
1258, 7620, 1279
1258, 7630, 1279
1258, 7640, 1279
1258, 7650, 1279
1258, 7660, 1279
1258, 7670, 1279
1258, 7680, 1279
1258, 7690, 1279
1258, 7700, 1279
1258, 7710, 1279
1258, 7720, 1278
1258, 7730, 1278
1258, 7740, 1278
1258, 7750, 1278
1258, 7760, 1278
1258, 7770, 1278
1258, 7780, 1278
1258, 7790, 1278
1258, 7800, 1278
1258, 7810, 1278
1258, 7820, 1278
1258, 7830, 1278
1258, 7840, 1277
1258, 7850, 1277
1258, 7860, 1277
1258, 7870, 1277
1258, 7880, 1277
1258, 7890, 1277
1258, 7900, 1277
1258, 7910, 1277
1258, 7920, 1277
1258, 7930, 1277
1258, 7940, 1276
1258, 7950, 1276
1258, 7960, 1276
1258, 7970, 1276
1258, 7980, 1276
1258, 7990, 1276
1258, 8000, 1276
1258, 8010, 1276
1258, 8020, 1276
1258, 8030, 1276
1258, 8040, 1275
1258, 8050, 1275
1258, 8060, 1275
1258, 8070, 1275
1258, 8080, 1275
1258, 8090, 1275
1258, 8100, 1275
1258, 8110, 1275
1258, 8120, 1275
1258, 8130, 1275
1258, 8140, 1275
1258, 8150, 1275
1258, 8160, 1274
1258, 8170, 1274
1258, 8180, 1274
1258, 8190, 1274
1258, 8200, 1274
1258, 8210, 1274
1258, 8220, 1274
1258, 8230, 1274
1258, 8240, 1274
1258, 8250, 1273
1258, 8260, 1273
1258, 8270, 1273
1258, 8280, 1273
1258, 8290, 1273
1258, 8300, 1273
1258, 8310, 1273
1258, 8320, 1273
1258, 8330, 1273
1258, 8340, 1273
1258, 8350, 1273
1258, 8360, 1272
1258, 8370, 1272
1258, 8380, 1272
1258, 8390, 1272
1258, 8400, 1272
1258, 8410, 1272
1258, 8420, 1272
1258, 8430, 1272
1258, 8440, 1271
1258, 8450, 1271
1258, 8460, 1271
1258, 8470, 1271
1258, 8480, 1271
1258, 8490, 1271
1258, 8500, 1271
1258, 8510, 1271
1258, 8520, 1271
1258, 8530, 1270
1258, 8540, 1270
1258, 8550, 1270
1258, 8560, 1270
1258, 8570, 1270
1258, 8580, 1270
1258, 8590, 1270
1258, 8600, 1270
1258, 8610, 1270
1258, 8620, 1270
1258, 8630, 1270
1258, 8640, 1270
1258, 8650, 1270
1258, 8660, 1269
1258, 8670, 1269
1258, 8680, 1269
1258, 8690, 1269
1258, 8700, 1269
1258, 8710, 1269
1258, 8720, 1269
1258, 8730, 1269
1258, 8740, 1269
1258, 8750, 1269
1258, 8760, 1268
1258, 8770, 1268
1258, 8780, 1268
1258, 8790, 1268
1258, 8800, 1268
1258, 8810, 1268
1258, 8820, 1268
1258, 8830, 1268
1258, 8840, 1268
1258, 8850, 1268
1258, 8860, 1268
1258, 8870, 1268
1258, 8880, 1268
1258, 8890, 1267
1258, 8900, 1267
1258, 8910, 1267
1258, 8920, 1267
1258, 8930, 1267
1258, 8940, 1267
1258, 8950, 1267
1258, 8960, 1267
1259, 8970, 1267
1262, 8980, 1268
1264, 8990, 1270
1268, 9000, 1272
1271, 9010, 1276
1273, 9020, 1279
1277, 9030, 1281
1280, 9040, 1285
1283, 9050, 1287
1286, 9060, 1290
1290, 9070, 1293
1292, 9080, 1297
1296, 9090, 1299
1299, 9100, 1302
1302, 9110, 1305
1305, 9120, 1308
1309, 9130, 1311
1312, 9140, 1315
1314, 9150, 1317
1318, 9160, 1319
1321, 9170, 1323
1324, 9180, 1326
1327, 9190, 1329
1327, 9200, 1331
1330, 9210, 1331
1333, 9220, 1334
1337, 9230, 1337
1341, 9240, 1341
1344, 9250, 1345
1348, 9260, 1347
1351, 9270, 1351
1355, 9280, 1354
1360, 9290, 1358
1363, 9300, 1363
1367, 9310, 1366
1370, 9320, 1369
1378, 9330, 1372
1382, 9340, 1380
1384, 9350, 1384
1386, 9360, 1386
1389, 9370, 1388
1392, 9380, 1390
1394, 9390, 1393
1395, 9400, 1395
1397, 9410, 1396
1403, 9420, 1397
1411, 9430, 1403
1412, 9440, 1411
1412, 9450, 1412
1413, 9452, 1412
0, 0, 0
1, 10, 0
1, 20, 118
1, 30, 121
1, 40, 123
1, 50, 123
6, 60, 124
12, 70, 106
22, 80, 99
26, 90, 110
28, 100, 116
28, 110, 121
30, 120, 139
31, 130, 76
34, 140, 74
44, 150, 70
54, 160, 107
64, 170, 98
71, 180, 109
77, 190, 139
87, 200, 119
95, 210, 145
103, 220, 141
111, 230, 273
121, 240, 336
130, 250, 281
134, 260, 240
140, 270, 305
149, 280, 374
156, 290, 371
164, 300, 385
171, 310, 398
179, 320, 416
186, 330, 486
195, 340, 485
204, 350, 547
212, 360, 517
217, 370, 544
226, 380, 599
234, 390, 663
242, 400, 647
250, 410, 667
260, 420, 682
270, 430, 658
278, 440, 694
288, 450, 690
295, 460, 707
301, 470, 760
311, 480, 790
321, 490, 761
329, 500, 777
336, 510, 800
345, 520, 828
354, 530, 813
363, 540, 846
372, 550, 885
382, 560, 868
390, 570, 936
400, 580, 925
409, 590, 975
418, 600, 980
425, 610, 1000
434, 620, 1016
443, 630, 1043
453, 640, 1055
463, 650, 1042
473, 660, 1075
479, 670, 1114
482, 680, 1117
492, 690, 1144
500, 700, 1136
507, 710, 1136
517, 720, 1157
526, 730, 1184
536, 740, 1201
544, 750, 1236
552, 760, 1225
561, 770, 1226
569, 780, 1290
579, 790, 1264
589, 800, 1324
597, 810, 1334
602, 820, 1310
611, 830, 1332
619, 840, 1369
628, 850, 1361
638, 860, 1403
647, 870, 1410
657, 880, 1398
666, 890, 1456
676, 900, 1477
685, 910, 1500
692, 920, 1498
702, 930, 1501
710, 940, 1506
718, 950, 1559
726, 960, 1586
736, 970, 1589
745, 980, 1600
754, 990, 1656
764, 1000, 1655
774, 1010, 1637
783, 1020, 1669
793, 1030, 1692
802, 1040, 1686
809, 1050, 1743
819, 1060, 1728
826, 1070, 1735
836, 1080, 1708
844, 1090, 1791
852, 1100, 1810
862, 1110, 1783
871, 1120, 1842
881, 1130, 1839
890, 1140, 1872
899, 1150, 1918
907, 1160, 1892
915, 1170, 1960
922, 1180, 1964
931, 1190, 1966
939, 1200, 1980
949, 1210, 1972
959, 1220, 1987
968, 1230, 1988
977, 1240, 2039
986, 1250, 2047
995, 1260, 2058
1004, 1270, 2098
1014, 1280, 2104
1023, 1290, 2097
1033, 1300, 2120
1040, 1310, 2143
1050, 1320, 2168
1060, 1330, 2180
1069, 1340, 2193
1079, 1350, 2207
1087, 1360, 2230
1096, 1370, 2218
1105, 1380, 2351
1115, 1390, 2360
1122, 1400, 2371
1132, 1410, 2381
1142, 1420, 2400
1152, 1430, 2423
1161, 1440, 2433
1171, 1450, 2434
1181, 1460, 2448
1190, 1470, 2456
1200, 1480, 2465
1209, 1490, 2476
1216, 1500, 2501
1221, 1510, 2512
1225, 1520, 2506
1225, 1530, 2508
1227, 1540, 2505
1228, 1550, 2498
1231, 1560, 2497
1232, 1570, 2512
1236, 1580, 2472
1239, 1590, 2485
1241, 1600, 2471
1242, 1610, 2368
1244, 1620, 2485
1253, 1630, 2482
1255, 1640, 2482
1257, 1650, 2364
1258, 1660, 2383
1259, 1670, 2356
1261, 1680, 2386
1261, 1690, 2388
1262, 1700, 2381
1267, 1710, 2385
1267, 1720, 2379
1268, 1730, 2378
1272, 1740, 2383
1273, 1750, 2343
1273, 1760, 2374
1273, 1770, 2346
1273, 1780, 2343
1273, 1790, 2332
1273, 1800, 2328
1273, 1810, 2317
1273, 1820, 2320
1274, 1830, 2240
1274, 1840, 2306
1274, 1850, 2232
1275, 1860, 2231
1275, 1870, 2229
1275, 1880, 2220
1275, 1890, 2221
1275, 1900, 2221
1275, 1910, 2218
1275, 1920, 2219
1276, 1930, 2184
1276, 1940, 2181
1276, 1950, 2181
1276, 1960, 2184
1276, 1970, 2175
1277, 1980, 2167
1281, 1990, 2171
1282, 2000, 2171
1282, 2010, 2112
1284, 2020, 2109
1287, 2030, 2113
1288, 2040, 2114
1290, 2050, 2102
1291, 2060, 2104
1292, 2070, 2104
1293, 2080, 2103
1293, 2090, 2100
1294, 2100, 2103
1296, 2110, 2093
1297, 2120, 2067
1298, 2130, 2032
1298, 2140, 2069
1298, 2150, 2032
1298, 2160, 2029
1298, 2170, 2022
1298, 2180, 2012
1300, 2190, 2021
1300, 2200, 2017
1300, 2210, 2016
1301, 2220, 2015
1303, 2230, 2013
1303, 2240, 2013
1303, 2250, 2004
1303, 2260, 1965
1305, 2270, 1956
1305, 2280, 1951
1306, 2290, 1951
1306, 2300, 1958
1306, 2310, 1950
1306, 2320, 1948
1306, 2330, 1945
1307, 2340, 1935
1308, 2350, 1895
1308, 2360, 1935
1308, 2370, 1936
1309, 2380, 1891
1309, 2390, 1897
1309, 2400, 1888
1309, 2410, 1883
1309, 2420, 1885
1309, 2430, 1883
1309, 2440, 1885
1309, 2450, 1874
1309, 2460, 1835
1309, 2470, 1838
1309, 2480, 1838
1309, 2490, 1836
1309, 2500, 1801
1309, 2510, 1823
1309, 2520, 1803
1309, 2530, 1796
1310, 2540, 1801
1310, 2550, 1794
1310, 2560, 1791
1311, 2570, 1793
1311, 2580, 1761
1315, 2590, 1784
1315, 2600, 1764
1315, 2610, 1760
1316, 2620, 1763
1316, 2630, 1761
1317, 2640, 1763
1317, 2650, 1752
1317, 2660, 1749
1317, 2670, 1733
1319, 2680, 1757
1320, 2690, 1747
1320, 2700, 1731
1320, 2710, 1731
1320, 2720, 1706
1320, 2730, 1728
1321, 2740, 1722
1321, 2750, 1710
1322, 2760, 1711
1322, 2770, 1706
1323, 2780, 1704
1323, 2790, 1689
1324, 2800, 1702
1324, 2810, 1688
1324, 2820, 1682
1324, 2830, 1682
1324, 2840, 1680
1324, 2850, 1681
1324, 2860, 1674
1325, 2870, 1672
1325, 2880, 1680
1325, 2890, 1675
1325, 2900, 1661
1325, 2910, 1658
1325, 2920, 1661
1326, 2930, 1654
1326, 2940, 1646
1326, 2950, 1645
1327, 2960, 1651
1328, 2970, 1641
1328, 2980, 1641
1328, 2990, 1626
1328, 3000, 1638
1329, 3010, 1617
1330, 3020, 1623
1330, 3030, 1625
1330, 3040, 1623
1330, 3050, 1623
1330, 3060, 1621
1330, 3070, 1620
1330, 3080, 1616
1330, 3090, 1616
1330, 3100, 1607
1330, 3110, 1604
1330, 3120, 1608
1330, 3130, 1595
1330, 3140, 1603
1330, 3150, 1599
1330, 3160, 1589
1330, 3170, 1583
1330, 3180, 1585
1330, 3190, 1581
1330, 3200, 1576
1330, 3210, 1579
1330, 3220, 1570
1330, 3230, 1570
1330, 3240, 1574
1330, 3250, 1565
1330, 3260, 1563
1330, 3270, 1555
1330, 3280, 1556
1330, 3290, 1553
1330, 3300, 1554
1330, 3310, 1548
1330, 3320, 1550
1330, 3330, 1550
1330, 3340, 1546
1330, 3350, 1544
1330, 3360, 1539
1330, 3370, 1541
1330, 3380, 1538
1330, 3390, 1526
1330, 3400, 1529
1330, 3410, 1531
1330, 3420, 1529
1330, 3430, 1527
1330, 3440, 1524
1330, 3450, 1520
1330, 3460, 1524
1330, 3470, 1513
1331, 3480, 1517
1331, 3490, 1519
1331, 3500, 1516
1331, 3510, 1511
1331, 3520, 1513
1331, 3530, 1512
1331, 3540, 1511
1331, 3550, 1507
1331, 3560, 1505
1331, 3570, 1499
1331, 3580, 1501
1331, 3590, 1507
1331, 3600, 1503
1331, 3610, 1491
1331, 3620, 1497
1331, 3630, 1492
1331, 3640, 1490
1331, 3650, 1491
1331, 3660, 1486
1331, 3670, 1490
1331, 3680, 1488
1331, 3690, 1486
1331, 3700, 1484
1331, 3710, 1484
1331, 3720, 1473
1331, 3730, 1481
1331, 3740, 1474
1331, 3750, 1479
1331, 3760, 1482
1331, 3770, 1473
1331, 3780, 1472
1331, 3790, 1470
1332, 3800, 1471
1332, 3810, 1473
1332, 3820, 1468
1332, 3830, 1469
1332, 3840, 1469
1332, 3850, 1465
1332, 3860, 1463
1332, 3870, 1467
1332, 3880, 1466
1332, 3890, 1464
1335, 3900, 1462
1335, 3910, 1464
1335, 3920, 1462
1335, 3930, 1457
1336, 3940, 1456
1336, 3950, 1457
1336, 3960, 1457
1336, 3970, 1454
1336, 3980, 1455
1336, 3990, 1453
1336, 4000, 1450
1336, 4010, 1451
1336, 4020, 1448
1336, 4030, 1449
1336, 4040, 1452
1336, 4050, 1445
1337, 4060, 1442
1337, 4070, 1444
1337, 4080, 1443
1337, 4090, 1444
1337, 4100, 1441
1337, 4110, 1441
1337, 4120, 1442
1337, 4130, 1437
1337, 4140, 1436
1337, 4150, 1437
1337, 4160, 1439
1337, 4170, 1434
1337, 4180, 1437
1337, 4190, 1434
1337, 4200, 1433
1337, 4210, 1433
1337, 4220, 1431
1337, 4230, 1431
1337, 4240, 1425
1337, 4250, 1427
1337, 4260, 1428
1337, 4270, 1427
1337, 4280, 1428
1337, 4290, 1425
1337, 4300, 1426
1337, 4310, 1426
1337, 4320, 1421
1337, 4330, 1426
1337, 4340, 1422
1337, 4350, 1423
1337, 4360, 1419
1337, 4370, 1419
1337, 4380, 1419
1337, 4390, 1418
1337, 4400, 1417
1337, 4410, 1419
1337, 4420, 1415
1337, 4430, 1415
1337, 4440, 1413
1337, 4450, 1415
1337, 4460, 1413
1337, 4470, 1412
1337, 4480, 1408
1337, 4490, 1410
1337, 4500, 1411
1337, 4510, 1410
1337, 4520, 1409
1337, 4530, 1407
1337, 4540, 1407
1337, 4550, 1406
1337, 4560, 1405
1337, 4570, 1407
1337, 4580, 1404
1337, 4590, 1403
1337, 4600, 1403
1337, 4610, 1402
1337, 4620, 1402
1337, 4630, 1401
1337, 4640, 1400
1337, 4650, 1399
1337, 4660, 1396
1337, 4670, 1400
1337, 4680, 1397
1337, 4690, 1397
1337, 4700, 1397
1337, 4710, 1397
1337, 4720, 1397
1337, 4730, 1395
1337, 4740, 1394
1339, 4750, 1393
1349, 4760, 1404
1359, 4770, 1423
1369, 4780, 1430
1379, 4790, 1437
1389, 4800, 1445
1398, 4810, 1452
1405, 4820, 1458
1405, 4830, 1463
1405, 4840, 1462
1409, 4850, 1462
1409, 4860, 1469
1409, 4870, 1466
1409, 4880, 1465
1409, 4890, 1463
1409, 4900, 1461
1409, 4910, 1460
1409, 4920, 1460
1409, 4930, 1458
1409, 4940, 1458
1409, 4950, 1456
1409, 4960, 1456
1409, 4970, 1456
1409, 4980, 1456
1410, 4990, 1455
1410, 5000, 1456
1410, 5010, 1456
1410, 5020, 1455
1410, 5030, 1455
1410, 5040, 1454
1410, 5050, 1454
1410, 5060, 1454
1410, 5070, 1455
1410, 5080, 1454
1410, 5090, 1453
1410, 5100, 1453
1410, 5110, 1452
1410, 5120, 1452
1410, 5130, 1452
1410, 5140, 1451
1410, 5150, 1451
1410, 5160, 1451
1410, 5170, 1451
1410, 5180, 1450
1410, 5190, 1449
1410, 5200, 1449
1410, 5210, 1449
1410, 5220, 1449
1410, 5230, 1448
1410, 5240, 1448
1410, 5250, 1448
1410, 5260, 1447
1410, 5270, 1447
1410, 5280, 1446
1410, 5290, 1446
1410, 5300, 1446
1410, 5310, 1446
1410, 5320, 1446
1410, 5330, 1445
1410, 5340, 1445
1410, 5350, 1444
1410, 5360, 1444
1410, 5370, 1444
1410, 5380, 1443
1410, 5390, 1443
1410, 5400, 1443
1411, 5410, 1443
1411, 5420, 1443
1412, 5430, 1443
1412, 5440, 1443
1412, 5450, 1443
1412, 5460, 1444
1412, 5470, 1446
1412, 5480, 1446
1412, 5490, 1448
1412, 5500, 1443
1412, 5510, 1443
1412, 5520, 1442
1412, 5530, 1443
1412, 5540, 1444
1412, 5550, 1445
1412, 5560, 1448
1412, 5570, 1449
1412, 5580, 1451
1412, 5590, 1447
1412, 5600, 1448
1412, 5610, 1450
1412, 5620, 1450
1412, 5630, 1458
1412, 5640, 1463
1412, 5650, 1462
1412, 5660, 1468
1412, 5670, 1467
1412, 5680, 1465
1412, 5690, 1458
1412, 5700, 1457
1412, 5710, 1455
1412, 5720, 1462
1412, 5730, 1464
1412, 5740, 1469
1412, 5750, 1460
1412, 5760, 1461
1412, 5770, 1458
1412, 5780, 1456
1412, 5790, 1455
1412, 5800, 1459
1412, 5810, 1463
1412, 5820, 1464
1412, 5830, 1462
1412, 5840, 1463
1412, 5850, 1463
1412, 5860, 1466
1412, 5870, 1464
1412, 5880, 1462
1412, 5890, 1466
1412, 5900, 1471
1412, 5910, 1471
1412, 5920, 1470
1412, 5930, 1470
1412, 5940, 1470
1412, 5950, 1469
1412, 5960, 1468
1412, 5970, 1462
1412, 5980, 1466
1412, 5990, 1468
1412, 6000, 1479
1412, 6010, 1475
1412, 6020, 1478
1412, 6030, 1471
1412, 6040, 1470
1412, 6050, 1469
1412, 6060, 1464
1412, 6070, 1459
1412, 6080, 1460
1412, 6090, 1460
1412, 6100, 1461
1412, 6110, 1457
1412, 6120, 1457
1412, 6130, 1454
1412, 6140, 1454
1412, 6150, 1455
1412, 6160, 1458
1412, 6170, 1460
1412, 6180, 1459
1412, 6190, 1461
1412, 6200, 1462
1412, 6210, 1460
1412, 6220, 1458
1412, 6230, 1459
1412, 6240, 1458
1412, 6250, 1456
1412, 6260, 1455
1412, 6270, 1459
1412, 6280, 1464
1412, 6290, 1459
1413, 6300, 1455

------------------------------------------------------------
Sender: LSF System <lsfadmin@n2d2-11>
Subject: Job 248266: </share/tjmenzie/zyu9/miniconda2/bin/python2.7 runner.py exp_HPC 2> in cluster <henry2> Done

Job </share/tjmenzie/zyu9/miniconda2/bin/python2.7 runner.py exp_HPC 2> was submitted from host <login01> by user <zyu9> in cluster <henry2> at Sat Mar 16 09:20:05 2019.
Job was executed on host(s) <2*n2d2-11>, in queue <single_chassis>, as user <zyu9> in cluster <henry2> at Sat Mar 16 09:20:08 2019.
</home/zyu9> was used as the home directory.
</home/zyu9/projects/Better-Est/src> was used as the working directory.
Started at Sat Mar 16 09:20:08 2019.
Terminated at Sat Mar 16 18:50:26 2019.
Results reported at Sat Mar 16 18:50:26 2019.

Your job looked like:

------------------------------------------------------------
# LSBATCH: User input
/share/tjmenzie/zyu9/miniconda2/bin/python2.7 runner.py exp_HPC 2
------------------------------------------------------------

Successfully completed.

Resource usage summary:

    CPU time :                                   37339.39 sec.
    Max Memory :                                 396.73 MB
    Average Memory :                             158.40 MB
    Total Requested Memory :                     -
    Delta Memory :                               -
    Max Swap :                                   1452 MB
    Max Processes :                              3
    Max Threads :                                11
    Run time :                                   34228 sec.
    Turnaround time :                            34221 sec.

The output (if any) is above this job summary.



PS:

Read file <./err/2.err.248266> for stderr output of this job.

