0, 0, 741
3, 10, 741
4, 20, 739
7, 30, 735
9, 40, 732
19, 50, 729
29, 60, 735
37, 70, 740
45, 80, 743
54, 90, 746
62, 100, 751
70, 110, 756
75, 120, 760
83, 130, 760
88, 140, 763
94, 150, 763
103, 160, 765
111, 170, 768
121, 180, 772
130, 190, 778
136, 200, 782
142, 210, 783
150, 220, 784
154, 230, 787
163, 240, 786
173, 250, 790
183, 260, 796
193, 270, 802
201, 280, 807
211, 290, 810
221, 300, 816
229, 310, 821
239, 320, 824
249, 330, 830
258, 340, 836
268, 350, 843
276, 360, 848
286, 370, 851
295, 380, 857
305, 390, 860
313, 400, 866
321, 410, 870
331, 420, 872
339, 430, 878
348, 440, 881
356, 450, 885
365, 460, 889
371, 470, 893
379, 480, 894
387, 490, 898
397, 500, 902
405, 510, 908
411, 520, 912
418, 530, 913
427, 540, 915
435, 550, 919
442, 560, 922
448, 570, 924
458, 580, 926
466, 590, 931
475, 600, 934
485, 610, 938
495, 620, 943
505, 630, 949
515, 640, 954
524, 650, 961
532, 660, 965
540, 670, 968
547, 680, 972
555, 690, 974
562, 700, 977
569, 710, 979
578, 720, 982
585, 730, 986
592, 740, 988
597, 750, 990
607, 760, 990
617, 770, 995
627, 780, 1001
635, 790, 1006
643, 800, 1009
652, 810, 1013
662, 820, 1017
670, 830, 1022
677, 840, 1025
686, 850, 1028
695, 860, 1032
705, 870, 1037
714, 880, 1043
720, 890, 1048
726, 900, 1049
734, 910, 1050
742, 920, 1053
749, 930, 1057
757, 940, 1059
767, 950, 1062
775, 960, 1068
785, 970, 1071
793, 980, 1076
800, 990, 1080
803, 1000, 1082
811, 1010, 1080
818, 1020, 1083
827, 1030, 1085
835, 1040, 1090
845, 1050, 1093
855, 1060, 1099
863, 1070, 1105
871, 1080, 1108
880, 1090, 1111
889, 1100, 1116
897, 1110, 1120
907, 1120, 1124
917, 1130, 1130
922, 1140, 1137
929, 1150, 1137
933, 1160, 1139
940, 1170, 1138
948, 1180, 1141
955, 1190, 1146
963, 1200, 1150
969, 1210, 1155
977, 1220, 1158
984, 1230, 1163
991, 1240, 1167
999, 1250, 1171
1009, 1260, 1176
1013, 1270, 1183
1018, 1280, 1184
1025, 1290, 1186
1032, 1300, 1189
1034, 1310, 1194
1043, 1320, 1192
1051, 1330, 1199
1059, 1340, 1204
1062, 1350, 1209
1069, 1360, 1208
1072, 1370, 1213
1076, 1380, 1213
1081, 1390, 1215
1086, 1400, 1217
1092, 1410, 1220
1096, 1420, 1224
1100, 1430, 1226
1106, 1440, 1227
1110, 1450, 1231
1115, 1460, 1233
1119, 1470, 1235
1127, 1480, 1237
1134, 1490, 1244
1142, 1500, 1249
1147, 1510, 1256
1154, 1520, 1259
1161, 1530, 1264
1167, 1540, 1270
1174, 1550, 1275
1181, 1560, 1280
1185, 1570, 1286
1188, 1580, 1288
1188, 1590, 1290
1190, 1600, 1288
1194, 1610, 1288
1195, 1620, 1291
1202, 1630, 1291
1210, 1640, 1296
1215, 1650, 1304
1217, 1660, 1307
1219, 1670, 1308
1223, 1680, 1309
1224, 1690, 1312
1224, 1700, 1312
1228, 1710, 1310
1232, 1720, 1314
1239, 1730, 1317
1246, 1740, 1323
1247, 1750, 1330
1249, 1760, 1329
1253, 1770, 1331
1254, 1780, 1334
1256, 1790, 1334
1257, 1800, 1335
1258, 1810, 1335
1261, 1820, 1335
1262, 1830, 1337
1263, 1840, 1337
1263, 1850, 1338
1263, 1860, 1337
1265, 1870, 1336
1267, 1880, 1337
1267, 1890, 1339
1271, 1900, 1338
1272, 1910, 1341
1272, 1920, 1342
1272, 1930, 1341
1273, 1940, 1340
1273, 1950, 1341
1276, 1960, 1340
1277, 1970, 1343
1278, 1980, 1343
1278, 1990, 1344
1278, 2000, 1343
1278, 2010, 1342
1279, 2020, 1342
1281, 2030, 1342
1284, 2040, 1344
1285, 2050, 1346
1287, 2060, 1347
1292, 2070, 1348
1302, 2080, 1353
1311, 2090, 1364
1321, 2100, 1373
1331, 2110, 1383
1341, 2120, 1393
1351, 2130, 1404
1358, 2140, 1414
1359, 2150, 1421
1360, 2160, 1421
1364, 2170, 1422
1365, 2180, 1426
1365, 2190, 1426
1365, 2200, 1426
1366, 2210, 1425
1366, 2220, 1426
1366, 2230, 1425
1367, 2240, 1425
1368, 2250, 1425
1368, 2260, 1426
1369, 2270, 1426
1369, 2280, 1426
1369, 2290, 1426
1371, 2300, 1425
1371, 2310, 1427
1371, 2320, 1427
1373, 2330, 1426
1373, 2340, 1428
1374, 2350, 1427
1374, 2360, 1428
1374, 2370, 1428
1374, 2380, 1427
1374, 2390, 1427
1374, 2400, 1427
1375, 2410, 1426
1375, 2420, 1427
1376, 2430, 1427
1377, 2440, 1427
1377, 2450, 1428
1377, 2460, 1428
1377, 2470, 1427
1377, 2480, 1427
1377, 2490, 1427
1377, 2500, 1426
1377, 2510, 1426
1377, 2520, 1426
1377, 2530, 1425
1377, 2540, 1425
1379, 2550, 1425
1380, 2560, 1427
1380, 2570, 1427
1380, 2580, 1427
1380, 2590, 1427
1380, 2600, 1426
1380, 2610, 1426
1380, 2620, 1426
1380, 2630, 1426
1381, 2640, 1425
1381, 2650, 1426
1381, 2660, 1426
1381, 2670, 1426
1381, 2680, 1425
1381, 2690, 1425
1381, 2700, 1425
1381, 2710, 1424
1382, 2720, 1424
1382, 2730, 1425
1382, 2740, 1425
1383, 2750, 1425
1383, 2760, 1425
1383, 2770, 1425
1385, 2780, 1425
1386, 2790, 1427
1388, 2800, 1428
1388, 2810, 1430
1388, 2820, 1429
1388, 2830, 1429
1388, 2840, 1429
1388, 2850, 1429
1388, 2860, 1428
1388, 2870, 1428
1388, 2880, 1428
1388, 2890, 1428
1389, 2900, 1428
1389, 2910, 1428
1389, 2920, 1428
1389, 2930, 1428
1389, 2940, 1428
1389, 2950, 1428
1389, 2960, 1427
1391, 2970, 1427
1391, 2980, 1429
1391, 2990, 1429
1391, 3000, 1429
1391, 3010, 1429
1391, 3020, 1428
1391, 3030, 1428
1391, 3040, 1428
1391, 3050, 1428
1391, 3060, 1428
1391, 3070, 1427
1391, 3080, 1427
1391, 3090, 1427
1391, 3100, 1427
1391, 3110, 1427
1391, 3120, 1427
1391, 3130, 1426
1391, 3140, 1426
1391, 3150, 1426
1391, 3160, 1426
1391, 3170, 1426
1391, 3180, 1425
1391, 3190, 1425
1391, 3200, 1425
1391, 3210, 1425
1391, 3220, 1425
1392, 3230, 1425
1392, 3240, 1425
1392, 3250, 1425
1392, 3260, 1425
1392, 3270, 1425
1392, 3280, 1425
1392, 3290, 1425
1392, 3300, 1424
1392, 3310, 1424
1392, 3320, 1424
1392, 3330, 1424
1392, 3340, 1424
1392, 3350, 1424
1392, 3360, 1423
1393, 3370, 1423
1394, 3380, 1424
1394, 3390, 1425
1394, 3400, 1425
1395, 3410, 1425
1395, 3420, 1426
1395, 3430, 1426
1395, 3440, 1425
1395, 3450, 1425
1395, 3460, 1425
1395, 3470, 1425
1397, 3480, 1425
1399, 3490, 1427
1399, 3500, 1429
1399, 3510, 1429
1399, 3520, 1428
1399, 3530, 1428
1399, 3540, 1428
1399, 3550, 1428
1399, 3560, 1428
1399, 3570, 1428
1399, 3580, 1427
1399, 3590, 1427
1399, 3600, 1427
1399, 3610, 1427
1399, 3620, 1427
1399, 3630, 1427
1399, 3640, 1427
1399, 3650, 1427
1399, 3660, 1426
1399, 3670, 1426
1399, 3680, 1426
1399, 3690, 1426
1399, 3700, 1426
1399, 3710, 1426
1399, 3720, 1426
1399, 3730, 1425
1399, 3740, 1425
1399, 3750, 1425
1399, 3760, 1425
1399, 3770, 1425
1399, 3780, 1425
1399, 3790, 1425
1399, 3800, 1424
1400, 3810, 1424
1400, 3820, 1425
1400, 3830, 1425
1400, 3840, 1425
1400, 3850, 1425
1400, 3860, 1425
1400, 3870, 1425
1400, 3880, 1425
1400, 3890, 1424
1400, 3900, 1424
1400, 3910, 1424
1400, 3920, 1424
1400, 3930, 1424
1400, 3940, 1424
1400, 3950, 1424
1400, 3960, 1423
1400, 3970, 1423
1400, 3980, 1423
1400, 3990, 1423
1401, 4000, 1423
1401, 4010, 1424
1401, 4020, 1424
1401, 4030, 1424
1401, 4040, 1423
1401, 4050, 1423
1401, 4060, 1423
1401, 4070, 1423
1401, 4080, 1423
1401, 4090, 1423
1402, 4100, 1423
1402, 4110, 1424
1402, 4120, 1424
1402, 4130, 1423
1402, 4140, 1423
1402, 4150, 1423
1402, 4160, 1423
1402, 4170, 1423
1402, 4180, 1423
1402, 4190, 1423
1402, 4200, 1423
1402, 4210, 1423
1402, 4220, 1422
1402, 4230, 1422
1402, 4240, 1422
1402, 4250, 1422
1402, 4260, 1422
1402, 4270, 1422
1402, 4280, 1422
1402, 4290, 1422
1402, 4300, 1422
1402, 4310, 1421
1402, 4320, 1421
1402, 4330, 1421
1402, 4340, 1421
1402, 4350, 1421
1402, 4360, 1421
1402, 4370, 1421
1402, 4380, 1421
1402, 4390, 1421
1402, 4400, 1420
1402, 4410, 1420
1402, 4420, 1420
1402, 4430, 1420
1402, 4440, 1420
1402, 4450, 1420
1402, 4460, 1420
1402, 4470, 1420
1402, 4480, 1420
1402, 4490, 1420
1402, 4500, 1419
1402, 4510, 1419
1402, 4520, 1419
1402, 4530, 1419
1402, 4540, 1419
1402, 4550, 1419
1402, 4560, 1419
1402, 4570, 1419
1402, 4580, 1419
1402, 4590, 1418
1403, 4600, 1418
1403, 4610, 1419
1403, 4620, 1419
1403, 4630, 1419
1403, 4640, 1419
1403, 4650, 1419
1403, 4660, 1419
1403, 4670, 1419
1403, 4680, 1419
1403, 4690, 1419
1403, 4700, 1419
1403, 4710, 1418
1403, 4720, 1418
1403, 4730, 1418
1403, 4740, 1418
1403, 4750, 1418
1403, 4760, 1418
1403, 4770, 1418
1403, 4780, 1418
1403, 4790, 1418
1403, 4800, 1418
1403, 4810, 1418
1403, 4820, 1418
1403, 4830, 1417
1403, 4840, 1417
1403, 4850, 1417
1403, 4860, 1417
1403, 4870, 1417
1403, 4880, 1417
1403, 4890, 1417
1404, 4900, 1417
1404, 4910, 1418
1404, 4920, 1418
1404, 4930, 1418
1404, 4940, 1418
1404, 4950, 1418
1404, 4960, 1417
1404, 4970, 1417
1404, 4980, 1417
1404, 4990, 1417
1404, 5000, 1417
1404, 5010, 1417
1404, 5020, 1417
1404, 5030, 1417
1404, 5040, 1417
1404, 5050, 1417
1406, 5060, 1417
1406, 5070, 1419
1406, 5080, 1419
1406, 5090, 1419
1406, 5100, 1419
1406, 5110, 1419
1406, 5120, 1418
1406, 5130, 1418
1406, 5140, 1418
1406, 5150, 1418
1406, 5160, 1418
1406, 5170, 1418
1406, 5180, 1418
1406, 5190, 1418
1406, 5200, 1418
1406, 5210, 1418
1406, 5220, 1418
1406, 5230, 1418
1406, 5240, 1418
1406, 5250, 1418
1406, 5260, 1418
1406, 5270, 1417
1406, 5280, 1417
1406, 5290, 1417
1406, 5300, 1417
1406, 5310, 1417
1406, 5320, 1417
1406, 5330, 1417
1406, 5340, 1417
1406, 5350, 1417
1406, 5360, 1417
1406, 5370, 1417
1406, 5380, 1417
1406, 5390, 1417
1406, 5400, 1417
1406, 5410, 1417
1406, 5420, 1417
1406, 5430, 1416
1406, 5440, 1416
1406, 5450, 1416
1406, 5460, 1416
1406, 5470, 1416
1406, 5480, 1416
1406, 5490, 1416
1406, 5500, 1416
1406, 5510, 1416
1406, 5520, 1416
1406, 5530, 1416
1406, 5540, 1416
1406, 5550, 1416
1406, 5560, 1416
1406, 5570, 1416
1406, 5580, 1416
1406, 5590, 1416
1406, 5600, 1416
1406, 5610, 1416
1406, 5620, 1415
1406, 5630, 1415
1406, 5640, 1415
1406, 5650, 1415
1406, 5660, 1415
1406, 5670, 1415
1406, 5680, 1415
1406, 5690, 1415
1406, 5700, 1415
1406, 5710, 1415
1406, 5720, 1415
1406, 5730, 1415
1406, 5740, 1415
1406, 5750, 1415
1406, 5760, 1415
1406, 5770, 1415
1406, 5780, 1415
1406, 5790, 1415
1406, 5800, 1415
1406, 5810, 1415
1406, 5820, 1415
1406, 5830, 1414
1406, 5840, 1414
1406, 5850, 1414
1406, 5860, 1414
1406, 5870, 1414
1406, 5880, 1414
1406, 5890, 1414
1406, 5900, 1414
1406, 5910, 1414
1406, 5920, 1414
1406, 5930, 1414
1406, 5940, 1414
1406, 5950, 1414
1406, 5960, 1414
1406, 5970, 1414
1406, 5980, 1414
1406, 5990, 1414
1406, 6000, 1414
1406, 6010, 1414
1406, 6020, 1414
1406, 6030, 1414
1406, 6040, 1414
1406, 6050, 1414
1406, 6060, 1413
1406, 6070, 1413
1406, 6080, 1413
1406, 6090, 1413
1406, 6100, 1413
1406, 6110, 1413
1406, 6120, 1413
1406, 6130, 1413
1406, 6140, 1413
1406, 6150, 1413
1406, 6160, 1413
1406, 6170, 1413
1406, 6180, 1413
1406, 6190, 1413
1406, 6200, 1413
1406, 6210, 1413
1406, 6220, 1413
1406, 6230, 1413
1406, 6240, 1413
1406, 6250, 1413
1406, 6260, 1413
1406, 6270, 1413
1406, 6280, 1413
1406, 6290, 1412
1406, 6300, 1412
1406, 6310, 1412
1406, 6320, 1412
1406, 6330, 1412
1406, 6340, 1412
1406, 6350, 1412
1406, 6360, 1412
1406, 6370, 1412
1406, 6380, 1412
1406, 6390, 1412
1406, 6400, 1412
1406, 6410, 1412
1406, 6420, 1412
1406, 6430, 1412
1406, 6440, 1412
1406, 6450, 1412
1406, 6460, 1412
1406, 6470, 1412
1406, 6480, 1412
1406, 6490, 1412
1406, 6500, 1412
1406, 6510, 1412
1406, 6520, 1412
1406, 6530, 1412
1406, 6540, 1412
1406, 6550, 1411
1406, 6560, 1411
1406, 6570, 1411
1406, 6580, 1411
1406, 6590, 1411
1406, 6600, 1411
1406, 6610, 1411
1406, 6620, 1411
1406, 6630, 1411
1406, 6640, 1411
1406, 6650, 1411
1406, 6660, 1411
1406, 6670, 1411
1406, 6680, 1411
1406, 6690, 1411
1406, 6700, 1411
1406, 6710, 1411
1406, 6720, 1411
1406, 6730, 1411
1406, 6740, 1411
1406, 6750, 1411
1406, 6760, 1411
1406, 6770, 1411
1406, 6780, 1411
1406, 6790, 1411
1406, 6800, 1411
1406, 6810, 1411
1406, 6820, 1410
1406, 6830, 1410
1406, 6840, 1410
1406, 6850, 1410
1406, 6860, 1410
1406, 6870, 1410
1406, 6880, 1410
1406, 6890, 1410
1406, 6900, 1410
1406, 6910, 1410
1406, 6920, 1410
1406, 6930, 1410
1406, 6940, 1410
1406, 6950, 1410
1406, 6960, 1410
1407, 6970, 1410
1407, 6980, 1411
1407, 6990, 1411
1407, 7000, 1411
1407, 7010, 1411
1407, 7020, 1411
1407, 7030, 1411
1407, 7040, 1411
1407, 7050, 1411
1407, 7060, 1411
1407, 7070, 1411
1407, 7080, 1411
1407, 7090, 1411
1407, 7100, 1411
1407, 7110, 1410
1407, 7120, 1410
1407, 7130, 1410
1407, 7140, 1410
1407, 7150, 1410
1407, 7160, 1410
1407, 7170, 1410
1407, 7180, 1410
1407, 7190, 1410
1407, 7200, 1410
1407, 7210, 1410
1407, 7220, 1410
1407, 7230, 1410
1407, 7240, 1410
1407, 7250, 1410
1407, 7260, 1410
1407, 7270, 1410
1407, 7280, 1410
1407, 7290, 1410
1407, 7300, 1410
1407, 7310, 1410
1407, 7320, 1410
1407, 7330, 1410
1407, 7340, 1410
1407, 7350, 1410
1407, 7360, 1410
1407, 7370, 1410
1407, 7380, 1410
1407, 7390, 1410
1407, 7400, 1410
1407, 7410, 1410
1407, 7420, 1410
1407, 7430, 1410
1407, 7440, 1410
1407, 7450, 1410
1407, 7460, 1409
1407, 7470, 1409
1407, 7480, 1409
1407, 7490, 1409
1407, 7500, 1409
1407, 7510, 1409
1407, 7520, 1409
1407, 7530, 1409
1407, 7540, 1409
1407, 7550, 1409
1407, 7560, 1409
1408, 7570, 1409
1408, 7580, 1410
1408, 7590, 1410
1408, 7600, 1410
1408, 7610, 1410
1408, 7620, 1410
1408, 7630, 1410
1408, 7640, 1410
1408, 7650, 1410
1408, 7660, 1410
1408, 7670, 1410
1408, 7680, 1410
1408, 7690, 1410
1408, 7700, 1410
1408, 7710, 1410
1408, 7720, 1410
1408, 7730, 1410
1408, 7740, 1410
1408, 7750, 1410
1408, 7760, 1410
1408, 7770, 1410
1408, 7780, 1410
1408, 7790, 1410
1408, 7800, 1410
1408, 7810, 1410
1408, 7820, 1410
1408, 7830, 1410
1408, 7840, 1410
1408, 7850, 1410
1408, 7860, 1410
1408, 7870, 1410
1408, 7880, 1410
1408, 7890, 1409
1408, 7900, 1409
1408, 7910, 1409
1408, 7920, 1409
1408, 7930, 1409
1408, 7940, 1409
1408, 7950, 1409
1408, 7960, 1409
1408, 7970, 1409
1408, 7980, 1409
1408, 7990, 1409
1408, 8000, 1409
1408, 8010, 1409
1408, 8020, 1409
1408, 8030, 1409
1408, 8040, 1409
1408, 8050, 1409
1408, 8060, 1409
1408, 8070, 1409
1408, 8080, 1409
1408, 8090, 1409
1408, 8100, 1409
1408, 8110, 1409
1408, 8120, 1409
1408, 8130, 1409
1408, 8140, 1409
1408, 8150, 1409
1408, 8160, 1409
1408, 8170, 1409
1408, 8180, 1409
1408, 8190, 1409
1408, 8200, 1409
1408, 8210, 1409
1409, 8220, 1409
1409, 8230, 1410
1409, 8240, 1410
1409, 8250, 1410
1409, 8260, 1410
1409, 8270, 1410
1409, 8280, 1410
1409, 8290, 1410
1409, 8300, 1410
1409, 8310, 1410
1409, 8320, 1410
1409, 8330, 1410
1409, 8340, 1410
1409, 8350, 1410
1409, 8360, 1410
1409, 8370, 1410
1409, 8380, 1410
1409, 8390, 1410
1409, 8400, 1409
1409, 8410, 1409
1409, 8420, 1409
1409, 8430, 1409
1409, 8440, 1409
1409, 8450, 1409
1409, 8460, 1409
1409, 8470, 1409
1409, 8480, 1409
1410, 8490, 1409
1410, 8500, 1410
1410, 8510, 1410
1410, 8520, 1410
1410, 8530, 1410
1410, 8540, 1410
1410, 8550, 1410
1410, 8560, 1410
1410, 8570, 1410
1410, 8580, 1410
1410, 8590, 1410
1410, 8600, 1410
1410, 8610, 1410
1410, 8620, 1410
1410, 8630, 1410
1410, 8640, 1410
1410, 8650, 1410
1410, 8660, 1410
1410, 8670, 1410
1410, 8680, 1410
1410, 8690, 1410
1410, 8700, 1410
1410, 8710, 1410
1410, 8720, 1410
1410, 8730, 1410
1410, 8740, 1410
1410, 8750, 1410
1411, 8760, 1410
1411, 8770, 1411
1411, 8780, 1411
1411, 8790, 1411
1411, 8800, 1411
1412, 8810, 1411
1412, 8820, 1412
1412, 8830, 1412
1412, 8840, 1412
1412, 8850, 1412
1412, 8860, 1412
1412, 8870, 1412
1412, 8880, 1412
1412, 8890, 1412
1412, 8900, 1412
1412, 8910, 1412
1412, 8920, 1412
1412, 8930, 1412
1412, 8940, 1412
1412, 8950, 1412
1412, 8960, 1412
1412, 8970, 1412
1412, 8980, 1412
1412, 8990, 1412
1412, 9000, 1412
1412, 9010, 1412
1412, 9020, 1412
1412, 9030, 1412
1412, 9040, 1412
1412, 9050, 1412
1412, 9060, 1412
1413, 9070, 1412
0, 0, 0
1, 10, 0
1, 20, 118
1, 30, 121
1, 40, 123
1, 50, 123
6, 60, 124
12, 70, 106
22, 80, 99
26, 90, 110
28, 100, 116
28, 110, 121
30, 120, 139
31, 130, 76
34, 140, 74
44, 150, 70
54, 160, 107
64, 170, 98
71, 180, 109
77, 190, 139
87, 200, 119
95, 210, 145
103, 220, 141
111, 230, 273
121, 240, 336
130, 250, 281
134, 260, 240
140, 270, 305
149, 280, 374
156, 290, 371
164, 300, 385
171, 310, 398
179, 320, 416
186, 330, 486
195, 340, 485
204, 350, 547
212, 360, 517
217, 370, 544
226, 380, 599
234, 390, 663
242, 400, 647
250, 410, 667
260, 420, 682
270, 430, 658
278, 440, 694
288, 450, 690
295, 460, 707
301, 470, 760
311, 480, 790
321, 490, 761
329, 500, 777
336, 510, 800
345, 520, 828
354, 530, 813
363, 540, 846
372, 550, 885
382, 560, 868
390, 570, 936
400, 580, 925
409, 590, 975
418, 600, 980
425, 610, 1000
434, 620, 1016
443, 630, 1043
453, 640, 1055
463, 650, 1042
473, 660, 1075
479, 670, 1114
482, 680, 1117
492, 690, 1144
500, 700, 1136
507, 710, 1136
517, 720, 1157
526, 730, 1184
536, 740, 1201
544, 750, 1236
552, 760, 1225
561, 770, 1226
569, 780, 1290
579, 790, 1264
589, 800, 1324
597, 810, 1334
602, 820, 1310
611, 830, 1332
619, 840, 1369
628, 850, 1361
638, 860, 1403
647, 870, 1410
657, 880, 1398
666, 890, 1456
676, 900, 1477
685, 910, 1500
692, 920, 1498
702, 930, 1501
710, 940, 1506
718, 950, 1559
726, 960, 1586
736, 970, 1589
745, 980, 1600
754, 990, 1656
764, 1000, 1655
774, 1010, 1637
783, 1020, 1669
793, 1030, 1692
802, 1040, 1686
809, 1050, 1743
819, 1060, 1728
826, 1070, 1735
836, 1080, 1708
844, 1090, 1791
852, 1100, 1810
862, 1110, 1783
871, 1120, 1842
881, 1130, 1839
890, 1140, 1872
899, 1150, 1918
907, 1160, 1892
915, 1170, 1960
922, 1180, 1964
931, 1190, 1966
939, 1200, 1980
949, 1210, 1972
959, 1220, 1987
968, 1230, 1988
977, 1240, 2039
986, 1250, 2047
995, 1260, 2058
1004, 1270, 2098
1014, 1280, 2104
1023, 1290, 2097
1033, 1300, 2120
1040, 1310, 2143
1050, 1320, 2168
1060, 1330, 2180
1069, 1340, 2193
1079, 1350, 2207
1087, 1360, 2230
1096, 1370, 2218
1105, 1380, 2351
1115, 1390, 2360
1122, 1400, 2371
1132, 1410, 2381
1142, 1420, 2400
1152, 1430, 2423
1161, 1440, 2433
1171, 1450, 2434
1181, 1460, 2448
1190, 1470, 2456
1200, 1480, 2465
1209, 1490, 2476
1216, 1500, 2501
1221, 1510, 2512
1225, 1520, 2506
1225, 1530, 2508
1227, 1540, 2505
1228, 1550, 2498
1231, 1560, 2497
1232, 1570, 2512
1236, 1580, 2472
1239, 1590, 2485
1241, 1600, 2471
1242, 1610, 2368
1244, 1620, 2485
1253, 1630, 2482
1255, 1640, 2482
1257, 1650, 2364
1258, 1660, 2383
1259, 1670, 2356
1261, 1680, 2386
1261, 1690, 2388
1262, 1700, 2381
1267, 1710, 2385
1267, 1720, 2379
1268, 1730, 2378
1272, 1740, 2383
1273, 1750, 2343
1273, 1760, 2374
1273, 1770, 2346
1273, 1780, 2343
1273, 1790, 2332
1273, 1800, 2328
1273, 1810, 2317
1273, 1820, 2320
1274, 1830, 2240
1274, 1840, 2306
1274, 1850, 2232
1275, 1860, 2231
1275, 1870, 2229
1275, 1880, 2220
1275, 1890, 2221
1275, 1900, 2221
1275, 1910, 2218
1275, 1920, 2219
1276, 1930, 2184
1276, 1940, 2181
1276, 1950, 2181
1276, 1960, 2184
1276, 1970, 2175
1277, 1980, 2167
1281, 1990, 2171
1282, 2000, 2171
1282, 2010, 2112
1284, 2020, 2109
1287, 2030, 2113
1288, 2040, 2114
1290, 2050, 2102
1291, 2060, 2104
1292, 2070, 2104
1293, 2080, 2103
1293, 2090, 2100
1294, 2100, 2103
1296, 2110, 2093
1297, 2120, 2067
1298, 2130, 2032
1298, 2140, 2069
1298, 2150, 2032
1298, 2160, 2029
1298, 2170, 2022
1298, 2180, 2012
1300, 2190, 2021
1300, 2200, 2017
1300, 2210, 2016
1301, 2220, 2015
1303, 2230, 2013
1303, 2240, 2013
1303, 2250, 2004
1303, 2260, 1965
1305, 2270, 1956
1305, 2280, 1951
1306, 2290, 1951
1306, 2300, 1958
1306, 2310, 1950
1306, 2320, 1948
1306, 2330, 1945
1307, 2340, 1935
1308, 2350, 1895
1308, 2360, 1935
1308, 2370, 1936
1309, 2380, 1891
1309, 2390, 1897
1309, 2400, 1888
1309, 2410, 1883
1309, 2420, 1885
1309, 2430, 1883
1309, 2440, 1885
1309, 2450, 1874
1309, 2460, 1835
1309, 2470, 1838
1309, 2480, 1838
1309, 2490, 1836
1309, 2500, 1801
1309, 2510, 1823
1309, 2520, 1803
1309, 2530, 1796
1310, 2540, 1801
1310, 2550, 1794
1310, 2560, 1791
1311, 2570, 1793
1311, 2580, 1761
1315, 2590, 1784
1315, 2600, 1764
1315, 2610, 1760
1316, 2620, 1763
1316, 2630, 1761
1317, 2640, 1763
1317, 2650, 1752
1317, 2660, 1749
1317, 2670, 1733
1319, 2680, 1757
1320, 2690, 1747
1320, 2700, 1731
1320, 2710, 1731
1320, 2720, 1706
1320, 2730, 1728
1321, 2740, 1722
1321, 2750, 1710
1322, 2760, 1711
1322, 2770, 1706
1323, 2780, 1704
1323, 2790, 1689
1324, 2800, 1702
1324, 2810, 1688
1324, 2820, 1682
1324, 2830, 1682
1324, 2840, 1680
1324, 2850, 1681
1324, 2860, 1674
1325, 2870, 1672
1325, 2880, 1680
1325, 2890, 1675
1325, 2900, 1661
1325, 2910, 1658
1325, 2920, 1661
1326, 2930, 1654
1326, 2940, 1646
1326, 2950, 1645
1327, 2960, 1651
1328, 2970, 1641
1328, 2980, 1641
1328, 2990, 1626
1328, 3000, 1638
1329, 3010, 1617
1330, 3020, 1623
1330, 3030, 1625
1330, 3040, 1623
1330, 3050, 1623
1330, 3060, 1621
1330, 3070, 1620
1330, 3080, 1616
1330, 3090, 1616
1330, 3100, 1607
1330, 3110, 1604
1330, 3120, 1608
1330, 3130, 1595
1330, 3140, 1603
1330, 3150, 1599
1330, 3160, 1589
1330, 3170, 1583
1330, 3180, 1585
1330, 3190, 1581
1330, 3200, 1576
1330, 3210, 1579
1330, 3220, 1570
1330, 3230, 1570
1330, 3240, 1574
1330, 3250, 1565
1330, 3260, 1563
1330, 3270, 1555
1330, 3280, 1556
1330, 3290, 1553
1330, 3300, 1554
1330, 3310, 1548
1330, 3320, 1550
1330, 3330, 1550
1330, 3340, 1546
1330, 3350, 1544
1330, 3360, 1539
1330, 3370, 1541
1330, 3380, 1538
1330, 3390, 1526
1330, 3400, 1529
1330, 3410, 1531
1330, 3420, 1529
1330, 3430, 1527
1330, 3440, 1524
1330, 3450, 1520
1330, 3460, 1524
1330, 3470, 1513
1331, 3480, 1517
1331, 3490, 1519
1331, 3500, 1516
1331, 3510, 1511
1331, 3520, 1513
1331, 3530, 1512
1331, 3540, 1511
1331, 3550, 1507
1331, 3560, 1505
1331, 3570, 1499
1331, 3580, 1501
1331, 3590, 1507
1331, 3600, 1503
1331, 3610, 1491
1331, 3620, 1497
1331, 3630, 1492
1331, 3640, 1490
1331, 3650, 1491
1331, 3660, 1486
1331, 3670, 1490
1331, 3680, 1488
1331, 3690, 1486
1331, 3700, 1484
1331, 3710, 1484
1331, 3720, 1473
1331, 3730, 1481
1331, 3740, 1474
1331, 3750, 1479
1331, 3760, 1482
1331, 3770, 1473
1331, 3780, 1472
1331, 3790, 1470
1332, 3800, 1471
1332, 3810, 1473
1332, 3820, 1468
1332, 3830, 1469
1332, 3840, 1469
1332, 3850, 1465
1332, 3860, 1463
1332, 3870, 1467
1332, 3880, 1466
1332, 3890, 1464
1335, 3900, 1462
1335, 3910, 1464
1335, 3920, 1462
1335, 3930, 1457
1336, 3940, 1456
1336, 3950, 1457
1336, 3960, 1457
1336, 3970, 1454
1336, 3980, 1455
1336, 3990, 1453
1336, 4000, 1450
1336, 4010, 1451
1336, 4020, 1448
1336, 4030, 1449
1336, 4040, 1452
1336, 4050, 1445
1337, 4060, 1442
1337, 4070, 1444
1337, 4080, 1443
1337, 4090, 1444
1337, 4100, 1441
1337, 4110, 1441
1337, 4120, 1442
1337, 4130, 1437
1337, 4140, 1436
1337, 4150, 1437
1337, 4160, 1439
1337, 4170, 1434
1337, 4180, 1437
1337, 4190, 1434
1337, 4200, 1433
1337, 4210, 1433
1337, 4220, 1431
1337, 4230, 1431
1337, 4240, 1425
1337, 4250, 1427
1337, 4260, 1428
1337, 4270, 1427
1337, 4280, 1428
1337, 4290, 1425
1337, 4300, 1426
1337, 4310, 1426
1337, 4320, 1421
1337, 4330, 1426
1337, 4340, 1422
1337, 4350, 1423
1337, 4360, 1419
1337, 4370, 1419
1337, 4380, 1419
1337, 4390, 1418
1337, 4400, 1417
1337, 4410, 1419
1337, 4420, 1415
1337, 4430, 1415
1337, 4440, 1413
1337, 4450, 1415
1337, 4460, 1413
1337, 4470, 1412
1337, 4480, 1408
1337, 4490, 1410
1337, 4500, 1411
1337, 4510, 1410
1337, 4520, 1409
1337, 4530, 1407
1337, 4540, 1407
1337, 4550, 1406
1337, 4560, 1405
1337, 4570, 1407
1337, 4580, 1404
1337, 4590, 1403
1337, 4600, 1403
1337, 4610, 1402
1337, 4620, 1402
1337, 4630, 1401
1337, 4640, 1400
1337, 4650, 1399
1337, 4660, 1396
1337, 4670, 1400
1337, 4680, 1397
1337, 4690, 1397
1337, 4700, 1397
1337, 4710, 1397
1337, 4720, 1397
1337, 4730, 1395
1337, 4740, 1394
1339, 4750, 1393
1349, 4760, 1404
1359, 4770, 1423
1369, 4780, 1430
1379, 4790, 1437
1389, 4800, 1445
1398, 4810, 1452
1405, 4820, 1458
1405, 4830, 1463
1405, 4840, 1462
1409, 4850, 1462
1409, 4860, 1469
1409, 4870, 1466
1409, 4880, 1465
1409, 4890, 1463
1409, 4900, 1461
1409, 4910, 1460
1409, 4920, 1460
1409, 4930, 1458
1409, 4940, 1458
1409, 4950, 1456
1409, 4960, 1456
1409, 4970, 1456
1409, 4980, 1456
1410, 4990, 1455
1410, 5000, 1456
1410, 5010, 1456
1410, 5020, 1455
1410, 5030, 1455
1410, 5040, 1454
1410, 5050, 1454
1410, 5060, 1454
1410, 5070, 1455
1410, 5080, 1454
1410, 5090, 1453
1410, 5100, 1453
1410, 5110, 1452
1410, 5120, 1452
1410, 5130, 1452
1410, 5140, 1451
1410, 5150, 1451
1410, 5160, 1451
1410, 5170, 1451
1410, 5180, 1450
1410, 5190, 1449
1410, 5200, 1449
1410, 5210, 1449
1410, 5220, 1449
1410, 5230, 1448
1410, 5240, 1448
1410, 5250, 1448
1410, 5260, 1447
1410, 5270, 1447
1410, 5280, 1446
1410, 5290, 1446
1410, 5300, 1446
1410, 5310, 1446
1410, 5320, 1446
1410, 5330, 1445
1410, 5340, 1445
1410, 5350, 1444
1410, 5360, 1444
1410, 5370, 1444
1410, 5380, 1443
1410, 5390, 1443
1410, 5400, 1443
1411, 5410, 1443
1411, 5420, 1443
1412, 5430, 1443
1412, 5440, 1443
1412, 5450, 1443
1412, 5460, 1444
1412, 5470, 1446
1412, 5480, 1446
1412, 5490, 1448
1412, 5500, 1443
1412, 5510, 1443
1412, 5520, 1442
1412, 5530, 1443
1412, 5540, 1444
1412, 5550, 1445
1412, 5560, 1448
1412, 5570, 1449
1412, 5580, 1451
1412, 5590, 1447
1412, 5600, 1448
1412, 5610, 1450
1412, 5620, 1450
1412, 5630, 1458
1412, 5640, 1463
1412, 5650, 1462
1412, 5660, 1468
1412, 5670, 1467
1412, 5680, 1465
1412, 5690, 1458
1412, 5700, 1457
1412, 5710, 1455
1412, 5720, 1462
1412, 5730, 1464
1412, 5740, 1469
1412, 5750, 1460
1412, 5760, 1461
1412, 5770, 1458
1412, 5780, 1456
1412, 5790, 1455
1412, 5800, 1459
1412, 5810, 1463
1412, 5820, 1464
1412, 5830, 1462
1412, 5840, 1463
1412, 5850, 1463
1412, 5860, 1466
1412, 5870, 1464
1412, 5880, 1462
1412, 5890, 1466
1412, 5900, 1471
1412, 5910, 1471
1412, 5920, 1470
1412, 5930, 1470
1412, 5940, 1470
1412, 5950, 1469
1412, 5960, 1468
1412, 5970, 1462
1412, 5980, 1466
1412, 5990, 1468
1412, 6000, 1479
1412, 6010, 1475
1412, 6020, 1478
1412, 6030, 1471
1412, 6040, 1470
1412, 6050, 1469
1412, 6060, 1464
1412, 6070, 1459
1412, 6080, 1460
1412, 6090, 1460
1412, 6100, 1461
1412, 6110, 1457
1412, 6120, 1457
1412, 6130, 1454
1412, 6140, 1454
1412, 6150, 1455
1412, 6160, 1458
1412, 6170, 1460
1412, 6180, 1459
1412, 6190, 1461
1412, 6200, 1462
1412, 6210, 1460
1412, 6220, 1458
1412, 6230, 1459
1412, 6240, 1458
1412, 6250, 1456
1412, 6260, 1455
1412, 6270, 1459
1412, 6280, 1464
1412, 6290, 1459
1413, 6300, 1455

------------------------------------------------------------
Sender: LSF System <lsfadmin@n2e2-6>
Subject: Job 287944: </share/tjmenzie/zyu9/miniconda2/bin/python2.7 runner.py exp_HPC 2> in cluster <henry2> Done

Job </share/tjmenzie/zyu9/miniconda2/bin/python2.7 runner.py exp_HPC 2> was submitted from host <login01> by user <zyu9> in cluster <henry2> at Mon Mar 18 10:59:50 2019.
Job was executed on host(s) <2*n2e2-6>, in queue <single_chassis>, as user <zyu9> in cluster <henry2> at Mon Mar 18 10:59:57 2019.
</home/zyu9> was used as the home directory.
</home/zyu9/projects/Better-Est/src> was used as the working directory.
Started at Mon Mar 18 10:59:57 2019.
Terminated at Mon Mar 18 19:24:41 2019.
Results reported at Mon Mar 18 19:24:41 2019.

Your job looked like:

------------------------------------------------------------
# LSBATCH: User input
/share/tjmenzie/zyu9/miniconda2/bin/python2.7 runner.py exp_HPC 2
------------------------------------------------------------

Successfully completed.

Resource usage summary:

    CPU time :                                   34742.17 sec.
    Max Memory :                                 397.73 MB
    Average Memory :                             160.89 MB
    Total Requested Memory :                     -
    Delta Memory :                               -
    Max Swap :                                   1454 MB
    Max Processes :                              3
    Max Threads :                                11
    Run time :                                   30288 sec.
    Turnaround time :                            30291 sec.

The output (if any) is above this job summary.



PS:

Read file <./err/2.err.287944> for stderr output of this job.

