0, 0, 181
1, 10, 181
3, 20, 181
4, 30, 179
5, 40, 177
6, 50, 176
7, 60, 175
8, 70, 174
9, 80, 173
10, 90, 172
13, 100, 170
17, 110, 171
25, 120, 172
29, 130, 176
38, 140, 177
48, 150, 181
54, 160, 186
58, 170, 188
66, 180, 189
70, 190, 191
76, 200, 192
83, 210, 195
87, 220, 197
93, 230, 197
99, 240, 200
106, 250, 202
112, 260, 205
114, 270, 208
120, 280, 208
128, 290, 211
134, 300, 214
141, 310, 216
148, 320, 219
156, 330, 222
166, 340, 226
171, 350, 230
176, 360, 232
178, 370, 233
187, 380, 233
194, 390, 237
194, 400, 240
194, 410, 240
194, 420, 240
194, 430, 240
194, 440, 240
194, 450, 240
194, 460, 240
194, 470, 240
194, 480, 240
194, 490, 240
194, 500, 240
194, 510, 239
194, 520, 239
194, 530, 239
194, 540, 239
194, 550, 239
194, 560, 239
194, 570, 239
194, 580, 239
194, 590, 239
194, 600, 239
194, 610, 239
194, 620, 239
194, 630, 239
194, 640, 239
194, 650, 239
194, 660, 238
194, 670, 238
194, 680, 238
194, 690, 238
194, 700, 238
194, 710, 238
194, 720, 238
194, 730, 238
194, 740, 238
194, 750, 238
194, 760, 238
194, 770, 238
194, 780, 238
194, 790, 237
194, 800, 237
194, 810, 237
194, 820, 237
194, 830, 237
194, 840, 237
194, 850, 237
194, 860, 237
194, 870, 237
194, 880, 237
194, 890, 237
194, 900, 236
194, 910, 236
194, 920, 236
194, 930, 236
194, 940, 236
194, 950, 236
194, 960, 236
194, 970, 236
194, 980, 236
194, 990, 236
194, 1000, 236
194, 1010, 235
194, 1020, 235
194, 1030, 235
194, 1040, 235
194, 1050, 235
194, 1060, 235
194, 1070, 235
194, 1080, 235
194, 1090, 235
194, 1100, 235
194, 1110, 235
194, 1120, 235
194, 1130, 235
194, 1140, 235
194, 1150, 234
194, 1160, 234
194, 1170, 234
194, 1180, 234
194, 1190, 234
194, 1200, 234
194, 1210, 234
194, 1220, 234
194, 1230, 234
194, 1240, 233
194, 1250, 233
194, 1260, 233
194, 1270, 233
194, 1280, 233
194, 1290, 233
194, 1300, 233
194, 1310, 233
194, 1320, 233
194, 1330, 233
194, 1340, 233
194, 1350, 233
194, 1360, 232
194, 1370, 232
194, 1380, 232
194, 1390, 232
194, 1400, 232
194, 1410, 232
194, 1420, 232
194, 1430, 232
194, 1440, 232
194, 1450, 232
194, 1460, 232
194, 1470, 232
194, 1480, 232
194, 1490, 232
194, 1500, 231
194, 1510, 231
194, 1520, 231
194, 1530, 231
194, 1540, 231
194, 1550, 231
194, 1560, 231
194, 1570, 231
194, 1580, 231
194, 1590, 231
194, 1600, 231
194, 1610, 231
194, 1620, 231
194, 1630, 231
194, 1640, 231
194, 1650, 231
194, 1660, 231
194, 1670, 230
194, 1680, 230
194, 1690, 230
194, 1700, 230
194, 1710, 230
194, 1720, 230
194, 1730, 230
194, 1740, 230
194, 1750, 230
194, 1760, 230
194, 1770, 230
194, 1780, 230
194, 1790, 230
194, 1800, 230
194, 1810, 229
194, 1820, 229
194, 1830, 229
194, 1840, 229
194, 1850, 229
194, 1860, 229
194, 1870, 229
194, 1880, 229
194, 1890, 229
194, 1900, 229
194, 1910, 229
194, 1920, 229
194, 1930, 229
194, 1940, 228
194, 1950, 228
194, 1960, 228
194, 1970, 228
194, 1980, 228
194, 1990, 228
194, 2000, 228
194, 2010, 228
194, 2020, 228
194, 2030, 228
194, 2040, 228
194, 2050, 228
194, 2060, 228
194, 2070, 228
194, 2080, 227
194, 2090, 227
194, 2100, 227
194, 2110, 227
194, 2120, 227
194, 2130, 227
194, 2140, 227
194, 2150, 227
194, 2160, 227
194, 2170, 227
194, 2180, 227
194, 2190, 227
194, 2200, 226
194, 2210, 226
194, 2220, 226
194, 2230, 226
194, 2240, 226
194, 2250, 226
194, 2260, 226
194, 2270, 226
194, 2280, 226
194, 2290, 226
194, 2300, 226
194, 2310, 226
194, 2320, 226
194, 2330, 226
194, 2340, 226
194, 2350, 225
194, 2360, 225
194, 2370, 225
194, 2380, 225
194, 2390, 225
194, 2400, 225
194, 2410, 225
194, 2420, 225
194, 2430, 225
194, 2440, 225
194, 2450, 225
194, 2460, 225
194, 2470, 225
194, 2480, 225
194, 2490, 225
194, 2500, 224
194, 2510, 224
194, 2520, 224
194, 2530, 224
194, 2540, 224
194, 2550, 224
194, 2560, 224
194, 2570, 224
194, 2580, 224
194, 2590, 224
194, 2600, 223
194, 2610, 223
194, 2620, 223
194, 2630, 223
194, 2640, 223
194, 2650, 223
194, 2660, 223
194, 2670, 223
194, 2680, 222
194, 2690, 222
194, 2700, 222
194, 2710, 222
194, 2720, 222
194, 2730, 222
194, 2740, 222
194, 2750, 222
194, 2760, 222
194, 2770, 222
194, 2780, 222
194, 2790, 222
194, 2800, 222
194, 2810, 222
194, 2820, 222
194, 2830, 222
194, 2840, 221
194, 2850, 221
194, 2860, 221
194, 2870, 221
194, 2880, 221
194, 2890, 221
194, 2900, 221
194, 2910, 221
194, 2920, 221
194, 2930, 221
194, 2940, 220
194, 2950, 220
194, 2960, 220
194, 2970, 220
194, 2980, 220
194, 2990, 220
194, 3000, 220
194, 3010, 220
194, 3020, 220
194, 3030, 220
194, 3040, 220
194, 3050, 220
194, 3060, 220
194, 3070, 219
194, 3080, 219
194, 3090, 219
194, 3100, 219
194, 3110, 219
194, 3120, 219
194, 3130, 219
194, 3140, 219
194, 3150, 219
194, 3160, 219
194, 3170, 219
194, 3180, 219
194, 3190, 219
194, 3200, 219
194, 3210, 219
194, 3220, 218
194, 3230, 218
194, 3240, 218
194, 3250, 218
194, 3260, 218
194, 3270, 218
194, 3280, 218
194, 3290, 218
194, 3300, 218
194, 3310, 218
194, 3320, 218
194, 3330, 218
194, 3340, 218
194, 3350, 217
194, 3360, 217
194, 3370, 217
194, 3380, 217
194, 3390, 217
194, 3400, 217
194, 3410, 217
194, 3420, 217
194, 3430, 217
194, 3440, 217
194, 3450, 217
194, 3460, 217
194, 3470, 216
194, 3480, 216
194, 3490, 216
194, 3500, 216
194, 3510, 216
194, 3520, 216
194, 3530, 216
194, 3540, 216
194, 3550, 216
194, 3560, 216
194, 3570, 216
194, 3580, 216
194, 3590, 216
194, 3600, 216
194, 3610, 216
194, 3620, 216
194, 3630, 215
194, 3640, 215
194, 3650, 215
194, 3660, 215
194, 3670, 215
194, 3680, 215
194, 3690, 215
194, 3700, 215
194, 3710, 215
194, 3720, 215
194, 3730, 215
194, 3740, 215
194, 3750, 215
194, 3760, 215
194, 3770, 214
194, 3780, 214
194, 3790, 214
194, 3800, 214
194, 3810, 214
194, 3820, 214
194, 3830, 214
194, 3840, 214
194, 3850, 214
194, 3860, 214
194, 3870, 214
194, 3880, 214
194, 3890, 214
194, 3900, 213
194, 3910, 213
194, 3920, 213
194, 3930, 213
194, 3940, 213
194, 3950, 213
194, 3960, 213
194, 3970, 213
194, 3980, 213
194, 3990, 213
194, 4000, 212
194, 4010, 212
194, 4020, 212
194, 4030, 212
194, 4040, 212
194, 4050, 212
194, 4060, 212
194, 4070, 212
194, 4080, 212
194, 4090, 212
194, 4100, 212
194, 4110, 211
194, 4120, 211
194, 4130, 211
194, 4140, 211
194, 4150, 211
194, 4160, 211
194, 4170, 211
194, 4180, 211
194, 4190, 211
194, 4200, 211
194, 4210, 211
194, 4220, 211
194, 4230, 211
194, 4240, 211
194, 4250, 211
194, 4260, 211
194, 4270, 211
194, 4280, 211
194, 4290, 210
194, 4300, 210
194, 4310, 210
194, 4320, 210
194, 4330, 210
194, 4340, 210
194, 4350, 210
194, 4360, 210
194, 4370, 210
194, 4380, 210
194, 4390, 210
194, 4400, 209
194, 4410, 209
194, 4420, 209
194, 4430, 209
194, 4440, 209
194, 4450, 209
194, 4460, 209
194, 4470, 209
194, 4480, 209
194, 4490, 209
194, 4500, 209
194, 4510, 209
194, 4520, 209
194, 4530, 209
194, 4540, 209
194, 4550, 209
194, 4560, 208
194, 4570, 208
194, 4580, 208
194, 4590, 208
194, 4600, 208
194, 4610, 208
194, 4620, 208
194, 4630, 208
194, 4640, 208
194, 4650, 208
194, 4660, 208
194, 4670, 208
194, 4680, 208
194, 4690, 208
194, 4700, 207
194, 4710, 207
194, 4720, 207
194, 4730, 207
194, 4740, 207
194, 4750, 207
194, 4760, 207
194, 4770, 207
194, 4780, 207
194, 4790, 207
194, 4800, 207
194, 4810, 207
194, 4820, 207
194, 4830, 207
194, 4840, 206
194, 4850, 206
194, 4860, 206
194, 4870, 206
194, 4880, 206
194, 4890, 206
194, 4900, 206
194, 4910, 206
194, 4920, 206
194, 4930, 206
194, 4940, 206
194, 4950, 206
194, 4960, 205
194, 4970, 205
194, 4980, 205
194, 4990, 205
194, 5000, 205
194, 5010, 205
194, 5020, 205
194, 5030, 205
194, 5040, 205
194, 5050, 205
194, 5060, 205
194, 5070, 205
194, 5080, 205
194, 5090, 204
194, 5100, 204
194, 5110, 204
194, 5120, 204
194, 5130, 204
194, 5140, 204
194, 5150, 204
194, 5160, 204
194, 5170, 204
194, 5180, 204
194, 5190, 204
194, 5200, 204
194, 5210, 203
194, 5220, 203
194, 5230, 203
194, 5240, 203
194, 5250, 203
194, 5260, 203
194, 5270, 203
194, 5280, 203
194, 5290, 203
194, 5300, 202
194, 5310, 202
194, 5320, 202
194, 5330, 202
194, 5340, 202
194, 5350, 202
194, 5360, 202
194, 5370, 202
194, 5380, 202
194, 5390, 202
194, 5400, 202
194, 5410, 201
194, 5420, 201
194, 5430, 201
194, 5440, 201
194, 5450, 201
194, 5460, 201
194, 5470, 201
194, 5480, 201
194, 5490, 201
194, 5500, 201
194, 5510, 201
194, 5520, 201
194, 5530, 201
194, 5540, 201
194, 5550, 200
194, 5560, 200
194, 5570, 200
194, 5580, 200
194, 5590, 200
194, 5600, 200
194, 5610, 200
194, 5620, 200
194, 5630, 200
194, 5640, 200
194, 5650, 200
194, 5660, 200
194, 5670, 200
194, 5680, 200
194, 5690, 200
194, 5700, 200
194, 5710, 199
194, 5720, 199
194, 5730, 199
194, 5740, 199
194, 5750, 199
194, 5760, 199
194, 5770, 199
194, 5780, 199
194, 5790, 199
194, 5800, 199
194, 5810, 199
194, 5820, 199
194, 5830, 198
194, 5840, 198
194, 5850, 198
194, 5860, 198
194, 5870, 198
194, 5880, 198
194, 5890, 198
194, 5900, 198
194, 5910, 198
194, 5920, 198
194, 5930, 198
194, 5940, 198
194, 5950, 197
194, 5960, 197
194, 5970, 197
194, 5980, 197
194, 5990, 197
194, 6000, 197
194, 6010, 197
194, 6020, 197
194, 6030, 197
194, 6040, 197
194, 6050, 197
194, 6060, 197
194, 6070, 197
194, 6080, 197
194, 6090, 197
194, 6100, 196
194, 6110, 196
194, 6120, 196
194, 6130, 196
194, 6140, 196
194, 6150, 196
194, 6160, 196
194, 6170, 196
194, 6180, 196
194, 6190, 196
194, 6200, 196
194, 6210, 196
194, 6220, 196
194, 6230, 196
194, 6240, 195
194, 6250, 195
194, 6260, 195
194, 6270, 195
194, 6280, 195
194, 6290, 195
194, 6300, 195
194, 6310, 195
194, 6320, 195
194, 6330, 195
194, 6340, 195
194, 6350, 195
194, 6360, 195
194, 6370, 195
194, 6380, 195
194, 6390, 194
194, 6400, 194
194, 6410, 194
194, 6420, 194
194, 6430, 194
196, 6440, 194
203, 6450, 196
203, 6460, 203
204, 6468, 203
0, 0, 0
1, 10, 0
1, 20, 108
1, 30, 109
1, 40, 110
1, 50, 110
1, 60, 109
1, 70, 113
1, 80, 115
1, 90, 112
1, 100, 112
1, 110, 110
1, 120, 114
1, 130, 118
6, 140, 116
14, 150, 110
24, 160, 113
34, 170, 124
44, 180, 67
53, 190, 76
60, 200, 85
67, 210, 93
73, 220, 98
83, 230, 105
93, 240, 122
103, 250, 148
112, 260, 170
117, 270, 193
127, 280, 198
137, 290, 220
146, 300, 253
151, 310, 277
153, 320, 281
157, 330, 282
160, 340, 275
161, 350, 276
161, 360, 275
161, 370, 262
164, 380, 247
174, 390, 237
183, 400, 254
183, 410, 268
183, 420, 258
184, 430, 258
185, 440, 265
185, 450, 251
185, 460, 252
185, 470, 251
185, 480, 241
188, 490, 236
188, 500, 235
188, 510, 233
188, 520, 236
188, 530, 229
188, 540, 228
188, 550, 234
188, 560, 226
188, 570, 224
188, 580, 225
188, 590, 221
188, 600, 224
188, 610, 219
188, 620, 220
188, 630, 221
188, 640, 216
188, 650, 215
188, 660, 212
188, 670, 213
188, 680, 211
188, 690, 211
188, 700, 211
188, 710, 211
188, 720, 212
189, 730, 211
189, 740, 213
189, 750, 211
189, 760, 211
189, 770, 208
189, 780, 209
189, 790, 208
189, 800, 209
189, 810, 207
189, 820, 207
189, 830, 206
189, 840, 207
189, 850, 206
190, 860, 204
190, 870, 207
190, 880, 207
190, 890, 205
191, 900, 206
191, 910, 208
191, 920, 208
191, 930, 208
191, 940, 205
191, 950, 206
191, 960, 205
191, 970, 204
191, 980, 203
192, 990, 205
192, 1000, 205
192, 1010, 205
192, 1020, 203
192, 1030, 203
192, 1040, 203
192, 1050, 202
192, 1060, 202
192, 1070, 203
192, 1080, 203
192, 1090, 202
192, 1100, 203
192, 1110, 202
192, 1120, 202
192, 1130, 202
192, 1140, 202
192, 1150, 201
192, 1160, 201
192, 1170, 202
192, 1180, 200
192, 1190, 201
192, 1200, 200
192, 1210, 201
193, 1220, 200
194, 1230, 201
194, 1240, 203
194, 1250, 202
194, 1260, 203
194, 1270, 202
194, 1280, 202
195, 1290, 203
195, 1300, 203
195, 1310, 203
195, 1320, 203
195, 1330, 203
195, 1340, 202
195, 1350, 203
195, 1360, 203
195, 1370, 202
195, 1380, 202
195, 1390, 202
195, 1400, 202
195, 1410, 202
195, 1420, 202
195, 1430, 202
195, 1440, 202
195, 1450, 202
195, 1460, 202
195, 1470, 202
195, 1480, 201
195, 1490, 201
195, 1500, 200
195, 1510, 201
195, 1520, 201
195, 1530, 201
195, 1540, 201
195, 1550, 201
195, 1560, 200
195, 1570, 201
195, 1580, 201
195, 1590, 201
195, 1600, 200
195, 1610, 200
195, 1620, 200
195, 1630, 200
195, 1640, 199
195, 1650, 199
195, 1660, 199
195, 1670, 200
195, 1680, 200
195, 1690, 200
195, 1700, 200
195, 1710, 199
195, 1720, 199
195, 1730, 199
195, 1740, 200
195, 1750, 199
195, 1760, 199
195, 1770, 199
195, 1780, 199
195, 1790, 199
195, 1800, 199
195, 1810, 199
195, 1820, 199
195, 1830, 199
195, 1840, 199
195, 1850, 199
195, 1860, 199
195, 1870, 198
195, 1880, 198
195, 1890, 199
195, 1900, 198
195, 1910, 198
195, 1920, 198
195, 1930, 198
195, 1940, 198
195, 1950, 198
195, 1960, 198
195, 1970, 198
195, 1980, 198
195, 1990, 198
195, 2000, 198
195, 2010, 198
195, 2020, 198
195, 2030, 198
195, 2040, 197
195, 2050, 198
195, 2060, 198
195, 2070, 198
195, 2080, 198
195, 2090, 198
195, 2100, 198
195, 2110, 197
195, 2120, 198
195, 2130, 198
195, 2140, 198
195, 2150, 198
195, 2160, 197
195, 2170, 198
195, 2180, 197
195, 2190, 197
195, 2200, 197
195, 2210, 197
195, 2220, 197
195, 2230, 197
195, 2240, 197
195, 2250, 198
195, 2260, 197
195, 2270, 197
195, 2280, 197
195, 2290, 197
195, 2300, 197
195, 2310, 197
195, 2320, 197
195, 2330, 197
195, 2340, 197
195, 2350, 197
195, 2360, 197
195, 2370, 197
195, 2380, 197
195, 2390, 197
195, 2400, 196
195, 2410, 197
195, 2420, 197
195, 2430, 197
195, 2440, 197
195, 2450, 197
195, 2460, 197
195, 2470, 197
195, 2480, 197
195, 2490, 196
195, 2500, 196
195, 2510, 196
195, 2520, 197
195, 2530, 197
195, 2540, 197
195, 2550, 196
195, 2560, 197
195, 2570, 196
195, 2580, 196
195, 2590, 196
195, 2600, 196
195, 2610, 196
195, 2620, 196
195, 2630, 196
195, 2640, 196
195, 2650, 196
195, 2660, 196
195, 2670, 196
195, 2680, 196
195, 2690, 196
196, 2700, 196
197, 2710, 197
197, 2720, 198
197, 2730, 198
197, 2740, 198
197, 2750, 198
197, 2760, 198
197, 2770, 198
197, 2780, 198
197, 2790, 198
197, 2800, 198
197, 2810, 198
197, 2820, 198
197, 2830, 198
197, 2840, 198
197, 2850, 198
197, 2860, 198
197, 2870, 198
197, 2880, 198
197, 2890, 198
197, 2900, 198
197, 2910, 198
197, 2920, 198
197, 2930, 198
197, 2940, 198
197, 2950, 198
197, 2960, 198
197, 2970, 198
197, 2980, 198
197, 2990, 198
197, 3000, 198
197, 3010, 198
197, 3020, 198
197, 3030, 198
197, 3040, 198
197, 3050, 198
197, 3060, 198
197, 3070, 198
197, 3080, 198
197, 3090, 198
197, 3100, 198
197, 3110, 198
197, 3120, 198
197, 3130, 198
198, 3140, 198
198, 3150, 199
198, 3160, 199
198, 3170, 199
198, 3180, 199
198, 3190, 199
198, 3200, 199
198, 3210, 199
198, 3220, 199
198, 3230, 199
198, 3240, 199
198, 3250, 199
198, 3260, 199
198, 3270, 199
198, 3280, 199
198, 3290, 199
198, 3300, 199
198, 3310, 199
198, 3320, 199
198, 3330, 199
198, 3340, 199
198, 3350, 199
198, 3360, 199
198, 3370, 199
198, 3380, 199
198, 3390, 199
198, 3400, 199
198, 3410, 199
198, 3420, 199
198, 3430, 199
198, 3440, 199
199, 3450, 198
199, 3460, 200
199, 3470, 200
199, 3480, 200
199, 3490, 199
199, 3500, 199
199, 3510, 199
199, 3520, 199
199, 3530, 199
199, 3540, 199
199, 3550, 199
199, 3560, 199
199, 3570, 199
199, 3580, 199
199, 3590, 199
199, 3600, 199
199, 3610, 199
199, 3620, 199
199, 3630, 199
199, 3640, 199
199, 3650, 199
199, 3660, 199
199, 3670, 199
199, 3680, 199
199, 3690, 199
199, 3700, 199
199, 3710, 199
199, 3720, 199
199, 3730, 199
199, 3740, 199
199, 3750, 199
199, 3760, 199
199, 3770, 199
199, 3780, 199
199, 3790, 199
199, 3800, 199
199, 3810, 199
199, 3820, 199
199, 3830, 199
199, 3840, 199
199, 3850, 199
199, 3860, 199
199, 3870, 199
199, 3880, 199
199, 3890, 199
199, 3900, 199
199, 3910, 199
199, 3920, 199
199, 3930, 199
199, 3940, 199
199, 3950, 199
199, 3960, 199
199, 3970, 199
199, 3980, 199
199, 3990, 199
199, 4000, 199
201, 4010, 199
201, 4020, 201
201, 4030, 201
201, 4040, 201
202, 4050, 201
202, 4060, 202
202, 4070, 202
202, 4080, 202
203, 4090, 202
204, 4100, 203

------------------------------------------------------------
Sender: LSF System <lsfadmin@n2e2-2>
Subject: Job 248267: </share/tjmenzie/zyu9/miniconda2/bin/python2.7 runner.py exp_HPC 3> in cluster <henry2> Done

Job </share/tjmenzie/zyu9/miniconda2/bin/python2.7 runner.py exp_HPC 3> was submitted from host <login01> by user <zyu9> in cluster <henry2> at Sat Mar 16 09:20:05 2019.
Job was executed on host(s) <2*n2e2-2>, in queue <single_chassis>, as user <zyu9> in cluster <henry2> at Sat Mar 16 09:20:08 2019.
</home/zyu9> was used as the home directory.
</home/zyu9/projects/Better-Est/src> was used as the working directory.
Started at Sat Mar 16 09:20:08 2019.
Terminated at Sat Mar 16 15:44:12 2019.
Results reported at Sat Mar 16 15:44:12 2019.

Your job looked like:

------------------------------------------------------------
# LSBATCH: User input
/share/tjmenzie/zyu9/miniconda2/bin/python2.7 runner.py exp_HPC 3
------------------------------------------------------------

Successfully completed.

Resource usage summary:

    CPU time :                                   23302.70 sec.
    Max Memory :                                 400.79 MB
    Average Memory :                             163.23 MB
    Total Requested Memory :                     -
    Delta Memory :                               -
    Max Swap :                                   1457 MB
    Max Processes :                              3
    Max Threads :                                11
    Run time :                                   23056 sec.
    Turnaround time :                            23047 sec.

The output (if any) is above this job summary.



PS:

Read file <./err/3.err.248267> for stderr output of this job.

