0, 0, 181
1, 10, 181
3, 20, 181
4, 30, 179
5, 40, 177
6, 50, 176
7, 60, 175
8, 70, 174
9, 80, 173
10, 90, 172
13, 100, 170
17, 110, 171
25, 120, 172
29, 130, 176
38, 140, 177
48, 150, 181
54, 160, 186
58, 170, 188
66, 180, 189
70, 190, 191
76, 200, 192
83, 210, 195
87, 220, 197
93, 230, 197
99, 240, 200
106, 250, 202
112, 260, 205
114, 270, 208
120, 280, 208
128, 290, 211
134, 300, 214
141, 310, 216
148, 320, 219
156, 330, 222
166, 340, 226
171, 350, 230
176, 360, 232
178, 370, 233
187, 380, 233
194, 390, 237
194, 400, 240
194, 410, 240
194, 420, 240
194, 430, 240
194, 440, 240
194, 450, 240
194, 460, 240
194, 470, 240
194, 480, 240
194, 490, 240
194, 500, 240
194, 510, 239
194, 520, 239
194, 530, 239
194, 540, 239
194, 550, 239
194, 560, 239
194, 570, 239
194, 580, 239
194, 590, 239
194, 600, 239
194, 610, 239
194, 620, 239
194, 630, 239
194, 640, 239
194, 650, 239
194, 660, 238
194, 670, 238
194, 680, 238
194, 690, 238
194, 700, 238
194, 710, 238
194, 720, 238
194, 730, 238
194, 740, 238
194, 750, 238
194, 760, 238
194, 770, 238
194, 780, 238
194, 790, 237
194, 800, 237
194, 810, 237
194, 820, 237
194, 830, 237
194, 840, 237
194, 850, 237
194, 860, 237
194, 870, 237
194, 880, 237
194, 890, 237
194, 900, 236
194, 910, 236
194, 920, 236
194, 930, 236
194, 940, 236
194, 950, 236
194, 960, 236
194, 970, 236
194, 980, 236
194, 990, 236
194, 1000, 236
194, 1010, 235
194, 1020, 235
194, 1030, 235
194, 1040, 235
194, 1050, 235
194, 1060, 235
194, 1070, 235
194, 1080, 235
194, 1090, 235
194, 1100, 235
194, 1110, 235
194, 1120, 235
194, 1130, 235
194, 1140, 235
194, 1150, 234
194, 1160, 234
194, 1170, 234
194, 1180, 234
194, 1190, 234
194, 1200, 234
194, 1210, 234
194, 1220, 234
194, 1230, 234
194, 1240, 233
194, 1250, 233
194, 1260, 233
194, 1270, 233
194, 1280, 233
194, 1290, 233
194, 1300, 233
194, 1310, 233
194, 1320, 233
194, 1330, 233
194, 1340, 233
194, 1350, 233
194, 1360, 232
194, 1370, 232
194, 1380, 232
194, 1390, 232
194, 1400, 232
194, 1410, 232
194, 1420, 232
194, 1430, 232
194, 1440, 232
194, 1450, 232
194, 1460, 232
194, 1470, 232
194, 1480, 232
194, 1490, 232
194, 1500, 231
194, 1510, 231
194, 1520, 231
194, 1530, 231
194, 1540, 231
194, 1550, 231
194, 1560, 231
194, 1570, 231
194, 1580, 231
194, 1590, 231
194, 1600, 231
194, 1610, 231
194, 1620, 231
194, 1630, 231
194, 1640, 231
194, 1650, 231
194, 1660, 231
194, 1670, 230
194, 1680, 230
194, 1690, 230
194, 1700, 230
194, 1710, 230
194, 1720, 230
194, 1730, 230
194, 1740, 230
194, 1750, 230
194, 1760, 230
194, 1770, 230
194, 1780, 230
194, 1790, 230
194, 1800, 230
194, 1810, 229
194, 1820, 229
194, 1830, 229
194, 1840, 229
194, 1850, 229
194, 1860, 229
194, 1870, 229
194, 1880, 229
194, 1890, 229
194, 1900, 229
194, 1910, 229
194, 1920, 229
194, 1930, 229
194, 1940, 228
194, 1950, 228
194, 1960, 228
194, 1970, 228
194, 1980, 228
194, 1990, 228
194, 2000, 228
194, 2010, 228
194, 2020, 228
194, 2030, 228
194, 2040, 228
194, 2050, 228
194, 2060, 228
194, 2070, 228
194, 2080, 227
194, 2090, 227
194, 2100, 227
194, 2110, 227
194, 2120, 227
194, 2130, 227
194, 2140, 227
194, 2150, 227
194, 2160, 227
194, 2170, 227
194, 2180, 227
194, 2190, 227
194, 2200, 226
194, 2210, 226
194, 2220, 226
194, 2230, 226
194, 2240, 226
194, 2250, 226
194, 2260, 226
194, 2270, 226
194, 2280, 226
194, 2290, 226
194, 2300, 226
194, 2310, 226
194, 2320, 226
194, 2330, 226
194, 2340, 226
194, 2350, 225
194, 2360, 225
194, 2370, 225
194, 2380, 225
194, 2390, 225
194, 2400, 225
194, 2410, 225
194, 2420, 225
194, 2430, 225
194, 2440, 225
194, 2450, 225
194, 2460, 225
194, 2470, 225
194, 2480, 225
194, 2490, 225
194, 2500, 224
194, 2510, 224
194, 2520, 224
194, 2530, 224
194, 2540, 224
194, 2550, 224
194, 2560, 224
194, 2570, 224
194, 2580, 224
194, 2590, 224
194, 2600, 223
194, 2610, 223
194, 2620, 223
194, 2630, 223
194, 2640, 223
194, 2650, 223
194, 2660, 223
194, 2670, 223
194, 2680, 222
194, 2690, 222
194, 2700, 222
194, 2710, 222
194, 2720, 222
194, 2730, 222
194, 2740, 222
194, 2750, 222
194, 2760, 222
194, 2770, 222
194, 2780, 222
194, 2790, 222
194, 2800, 222
194, 2810, 222
194, 2820, 222
194, 2830, 222
194, 2840, 221
194, 2850, 221
194, 2860, 221
194, 2870, 221
194, 2880, 221
194, 2890, 221
194, 2900, 221
194, 2910, 221
194, 2920, 221
194, 2930, 221
194, 2940, 220
194, 2950, 220
194, 2960, 220
194, 2970, 220
194, 2980, 220
194, 2990, 220
194, 3000, 220
194, 3010, 220
194, 3020, 220
194, 3030, 220
194, 3040, 220
194, 3050, 220
194, 3060, 220
194, 3070, 219
194, 3080, 219
194, 3090, 219
194, 3100, 219
194, 3110, 219
194, 3120, 219
194, 3130, 219
194, 3140, 219
194, 3150, 219
194, 3160, 219
194, 3170, 219
194, 3180, 219
194, 3190, 219
194, 3200, 219
194, 3210, 219
194, 3220, 218
194, 3230, 218
194, 3240, 218
194, 3250, 218
194, 3260, 218
194, 3270, 218
194, 3280, 218
194, 3290, 218
194, 3300, 218
194, 3310, 218
194, 3320, 218
194, 3330, 218
194, 3340, 218
194, 3350, 217
194, 3360, 217
194, 3370, 217
194, 3380, 217
194, 3390, 217
194, 3400, 217
194, 3410, 217
194, 3420, 217
194, 3430, 217
194, 3440, 217
194, 3450, 217
194, 3460, 217
194, 3470, 216
194, 3480, 216
194, 3490, 216
194, 3500, 216
194, 3510, 216
194, 3520, 216
194, 3530, 216
194, 3540, 216
194, 3550, 216
194, 3560, 216
194, 3570, 216
194, 3580, 216
194, 3590, 216
194, 3600, 216
194, 3610, 216
194, 3620, 216
194, 3630, 215
194, 3640, 215
194, 3650, 215
194, 3660, 215
194, 3670, 215
194, 3680, 215
194, 3690, 215
194, 3700, 215
194, 3710, 215
194, 3720, 215
194, 3730, 215
194, 3740, 215
194, 3750, 215
194, 3760, 215
194, 3770, 214
194, 3780, 214
194, 3790, 214
194, 3800, 214
194, 3810, 214
194, 3820, 214
194, 3830, 214
194, 3840, 214
194, 3850, 214
194, 3860, 214
194, 3870, 214
194, 3880, 214
194, 3890, 214
194, 3900, 213
194, 3910, 213
194, 3920, 213
194, 3930, 213
194, 3940, 213
194, 3950, 213
194, 3960, 213
194, 3970, 213
194, 3980, 213
194, 3990, 213
194, 4000, 212
194, 4010, 212
194, 4020, 212
194, 4030, 212
194, 4040, 212
194, 4050, 212
194, 4060, 212
194, 4070, 212
194, 4080, 212
194, 4090, 212
194, 4100, 212
194, 4110, 211
194, 4120, 211
194, 4130, 211
194, 4140, 211
194, 4150, 211
194, 4160, 211
194, 4170, 211
194, 4180, 211
194, 4190, 211
194, 4200, 211
194, 4210, 211
194, 4220, 211
194, 4230, 211
194, 4240, 211
194, 4250, 211
194, 4260, 211
194, 4270, 211
194, 4280, 211
194, 4290, 210
194, 4300, 210
194, 4310, 210
194, 4320, 210
194, 4330, 210
194, 4340, 210
194, 4350, 210
194, 4360, 210
194, 4370, 210
194, 4380, 210
194, 4390, 210
194, 4400, 209
194, 4410, 209
194, 4420, 209
194, 4430, 209
194, 4440, 209
194, 4450, 209
194, 4460, 209
194, 4470, 209
194, 4480, 209
194, 4490, 209
194, 4500, 209
194, 4510, 209
194, 4520, 209
194, 4530, 209
194, 4540, 209
194, 4550, 209
194, 4560, 208
194, 4570, 208
194, 4580, 208
194, 4590, 208
194, 4600, 208
194, 4610, 208
194, 4620, 208
194, 4630, 208
194, 4640, 208
194, 4650, 208
194, 4660, 208
194, 4670, 208
194, 4680, 208
194, 4690, 208
194, 4700, 207
194, 4710, 207
194, 4720, 207
194, 4730, 207
194, 4740, 207
194, 4750, 207
194, 4760, 207
194, 4770, 207
194, 4780, 207
194, 4790, 207
194, 4800, 207
194, 4810, 207
194, 4820, 207
194, 4830, 207
194, 4840, 206
194, 4850, 206
194, 4860, 206
194, 4870, 206
194, 4880, 206
194, 4890, 206
194, 4900, 206
194, 4910, 206
194, 4920, 206
194, 4930, 206
194, 4940, 206
194, 4950, 206
194, 4960, 205
194, 4970, 205
194, 4980, 205
194, 4990, 205
194, 5000, 205
194, 5010, 205
194, 5020, 205
194, 5030, 205
194, 5040, 205
194, 5050, 205
194, 5060, 205
194, 5070, 205
194, 5080, 205
194, 5090, 204
194, 5100, 204
194, 5110, 204
194, 5120, 204
194, 5130, 204
194, 5140, 204
194, 5150, 204
194, 5160, 204
194, 5170, 204
194, 5180, 204
194, 5190, 204
194, 5200, 204
194, 5210, 203
194, 5220, 203
194, 5230, 203
194, 5240, 203
194, 5250, 203
194, 5260, 203
194, 5270, 203
194, 5280, 203
194, 5290, 203
194, 5300, 202
194, 5310, 202
194, 5320, 202
194, 5330, 202
194, 5340, 202
194, 5350, 202
194, 5360, 202
194, 5370, 202
194, 5380, 202
194, 5390, 202
194, 5400, 202
194, 5410, 201
194, 5420, 201
194, 5430, 201
194, 5440, 201
194, 5450, 201
194, 5460, 201
194, 5470, 201
194, 5480, 201
194, 5490, 201
194, 5500, 201
194, 5510, 201
194, 5520, 201
194, 5530, 201
194, 5540, 201
194, 5550, 200
194, 5560, 200
194, 5570, 200
194, 5580, 200
194, 5590, 200
194, 5600, 200
194, 5610, 200
194, 5620, 200
194, 5630, 200
194, 5640, 200
194, 5650, 200
194, 5660, 200
194, 5670, 200
194, 5680, 200
194, 5690, 200
194, 5700, 200
194, 5710, 199
194, 5720, 199
194, 5730, 199
194, 5740, 199
194, 5750, 199
194, 5760, 199
194, 5770, 199
194, 5780, 199
194, 5790, 199
194, 5800, 199
194, 5810, 199
194, 5820, 199
194, 5830, 198
194, 5840, 198
194, 5850, 198
194, 5860, 198
194, 5870, 198
194, 5880, 198
194, 5890, 198
194, 5900, 198
194, 5910, 198
194, 5920, 198
194, 5930, 198
194, 5940, 198
194, 5950, 197
194, 5960, 197
194, 5970, 197
194, 5980, 197
194, 5990, 197
194, 6000, 197
194, 6010, 197
194, 6020, 197
194, 6030, 197
194, 6040, 197
194, 6050, 197
194, 6060, 197
194, 6070, 197
194, 6080, 197
194, 6090, 197
194, 6100, 196
194, 6110, 196
194, 6120, 196
194, 6130, 196
194, 6140, 196
194, 6150, 196
194, 6160, 196
194, 6170, 196
194, 6180, 196
194, 6190, 196
194, 6200, 196
194, 6210, 196
194, 6220, 196
194, 6230, 196
194, 6240, 195
194, 6250, 195
194, 6260, 195
194, 6270, 195
194, 6280, 195
194, 6290, 195
194, 6300, 195
194, 6310, 195
194, 6320, 195
194, 6330, 195
194, 6340, 195
194, 6350, 195
194, 6360, 195
194, 6370, 195
194, 6380, 195
194, 6390, 194
194, 6400, 194
194, 6410, 194
194, 6420, 194
194, 6430, 194
196, 6440, 194
203, 6450, 196
203, 6460, 203
204, 6468, 203
0, 0, 0
1, 10, 0
1, 20, 108
1, 30, 109
1, 40, 110
1, 50, 110
1, 60, 109
1, 70, 113
1, 80, 115
1, 90, 112
1, 100, 112
1, 110, 110
1, 120, 113
1, 130, 111
5, 140, 101
14, 150, 103
24, 160, 111
34, 170, 110
43, 180, 68
49, 190, 95
59, 200, 81
65, 210, 99
75, 220, 106
85, 230, 126
94, 240, 148
99, 250, 169
108, 260, 159
118, 270, 205
128, 280, 199
137, 290, 237
146, 300, 255
150, 310, 263
154, 320, 266
161, 330, 276
171, 340, 275
175, 350, 280
180, 360, 280
182, 370, 290
184, 380, 274
184, 390, 278
185, 400, 294
185, 410, 289
186, 420, 283
186, 430, 291
187, 440, 286
187, 450, 297
187, 460, 292
187, 470, 283
187, 480, 280
187, 490, 287
187, 500, 285
187, 510, 288
187, 520, 285
187, 530, 282
187, 540, 286
188, 550, 284
188, 560, 287
188, 570, 292
188, 580, 286
188, 590, 277
188, 600, 281
188, 610, 282
188, 620, 282
188, 630, 282
188, 640, 275
188, 650, 278
188, 660, 277
188, 670, 276
189, 680, 274
189, 690, 273
189, 700, 273
189, 710, 270
189, 720, 271
189, 730, 267
190, 740, 268
190, 750, 270
190, 760, 269
190, 770, 261
190, 780, 258
190, 790, 263
190, 800, 259
190, 810, 259
190, 820, 258
190, 830, 257
190, 840, 253
190, 850, 253
190, 860, 256
190, 870, 252
190, 880, 251
190, 890, 250
190, 900, 248
190, 910, 248
190, 920, 248
190, 930, 246
190, 940, 248
190, 950, 245
190, 960, 244
190, 970, 245
190, 980, 241
190, 990, 240
190, 1000, 243
190, 1010, 240
190, 1020, 240
190, 1030, 238
191, 1040, 237
191, 1050, 238
191, 1060, 238
192, 1070, 239
193, 1080, 238
193, 1090, 240
193, 1100, 240
193, 1110, 234
193, 1120, 238
193, 1130, 230
193, 1140, 229
193, 1150, 229
193, 1160, 228
193, 1170, 234
193, 1180, 229
193, 1190, 227
193, 1200, 228
193, 1210, 226
193, 1220, 228
193, 1230, 227
193, 1240, 230
194, 1250, 230
194, 1260, 231
194, 1270, 231
194, 1280, 231
194, 1290, 233
194, 1300, 227
194, 1310, 227
194, 1320, 226
194, 1330, 226
194, 1340, 227
194, 1350, 226
194, 1360, 226
195, 1370, 225
195, 1380, 227
195, 1390, 227
195, 1400, 227
195, 1410, 226
195, 1420, 226
195, 1430, 225
195, 1440, 225
197, 1450, 225
197, 1460, 228
197, 1470, 227
197, 1480, 226
197, 1490, 225
197, 1500, 226
197, 1510, 226
197, 1520, 226
197, 1530, 225
197, 1540, 225
197, 1550, 223
197, 1560, 224
197, 1570, 223
197, 1580, 222
197, 1590, 222
197, 1600, 222
197, 1610, 222
197, 1620, 222
197, 1630, 222
197, 1640, 221
197, 1650, 221
197, 1660, 221
197, 1670, 221
197, 1680, 221
197, 1690, 220
197, 1700, 220
197, 1710, 220
197, 1720, 219
197, 1730, 219
197, 1740, 219
197, 1750, 219
197, 1760, 219
197, 1770, 219
197, 1780, 219
197, 1790, 219
197, 1800, 219
197, 1810, 218
197, 1820, 218
197, 1830, 218
197, 1840, 217
197, 1850, 217
197, 1860, 217
197, 1870, 216
197, 1880, 217
197, 1890, 217
197, 1900, 217
197, 1910, 216
197, 1920, 216
197, 1930, 216
197, 1940, 216
197, 1950, 215
197, 1960, 216
197, 1970, 215
197, 1980, 215
197, 1990, 215
197, 2000, 214
197, 2010, 214
197, 2020, 214
197, 2030, 213
197, 2040, 214
197, 2050, 213
197, 2060, 213
197, 2070, 212
197, 2080, 213
197, 2090, 212
197, 2100, 212
197, 2110, 212
197, 2120, 212
197, 2130, 212
197, 2140, 212
197, 2150, 212
197, 2160, 212
197, 2170, 211
197, 2180, 211
197, 2190, 211
197, 2200, 211
197, 2210, 211
197, 2220, 211
197, 2230, 210
198, 2240, 210
198, 2250, 211
198, 2260, 211
198, 2270, 211
198, 2280, 211
198, 2290, 211
198, 2300, 211
198, 2310, 211
198, 2320, 211
198, 2330, 211
198, 2340, 210
199, 2350, 210
199, 2360, 211
199, 2370, 211
199, 2380, 211
199, 2390, 211
199, 2400, 211
199, 2410, 211
199, 2420, 211
199, 2430, 211
199, 2440, 211
199, 2450, 211
199, 2460, 210
199, 2470, 210
199, 2480, 210
199, 2490, 210
199, 2500, 210
199, 2510, 210
199, 2520, 210
199, 2530, 210
199, 2540, 210
199, 2550, 210
199, 2560, 210
199, 2570, 210
199, 2580, 210
199, 2590, 210
199, 2600, 211
199, 2610, 211
199, 2620, 211
199, 2630, 211
199, 2640, 211
199, 2650, 211
199, 2660, 211
199, 2670, 211
199, 2680, 211
199, 2690, 210
199, 2700, 210
199, 2710, 210
199, 2720, 210
199, 2730, 210
199, 2740, 210
199, 2750, 210
199, 2760, 209
199, 2770, 209
199, 2780, 209
199, 2790, 209
199, 2800, 208
199, 2810, 210
199, 2820, 210
199, 2830, 210
199, 2840, 209
199, 2850, 209
199, 2860, 209
199, 2870, 209
199, 2880, 209
199, 2890, 209
199, 2900, 209
199, 2910, 209
199, 2920, 209
199, 2930, 209
199, 2940, 209
199, 2950, 209
199, 2960, 209
199, 2970, 209
199, 2980, 209
199, 2990, 208
199, 3000, 207
199, 3010, 207
199, 3020, 207
199, 3030, 207
199, 3040, 208
199, 3050, 208
199, 3060, 208
199, 3070, 208
199, 3080, 208
199, 3090, 207
199, 3100, 207
199, 3110, 207
199, 3120, 207
199, 3130, 207
199, 3140, 207
199, 3150, 206
199, 3160, 207
199, 3170, 206
199, 3180, 206
199, 3190, 206
199, 3200, 206
199, 3210, 206
199, 3220, 206
199, 3230, 206
199, 3240, 206
199, 3250, 206
199, 3260, 206
199, 3270, 206
199, 3280, 205
200, 3290, 205
201, 3300, 206
201, 3310, 208
201, 3320, 208
201, 3330, 208
202, 3340, 207
203, 3350, 208
203, 3360, 210
203, 3370, 209
203, 3380, 210
203, 3390, 209
203, 3400, 209
204, 3410, 209

------------------------------------------------------------
Sender: LSF System <lsfadmin@n2c3-10>
Subject: Job 223318: </share/tjmenzie/zyu9/miniconda2/bin/python2.7 runner.py exp_HPC 3> in cluster <henry2> Done

Job </share/tjmenzie/zyu9/miniconda2/bin/python2.7 runner.py exp_HPC 3> was submitted from host <login01> by user <zyu9> in cluster <henry2> at Fri Mar 15 14:39:53 2019.
Job was executed on host(s) <2*n2c3-10>, in queue <single_chassis>, as user <zyu9> in cluster <henry2> at Fri Mar 15 14:39:59 2019.
</home/zyu9> was used as the home directory.
</home/zyu9/projects/Better-Est/src> was used as the working directory.
Started at Fri Mar 15 14:39:59 2019.
Terminated at Fri Mar 15 20:30:10 2019.
Results reported at Fri Mar 15 20:30:10 2019.

Your job looked like:

------------------------------------------------------------
# LSBATCH: User input
/share/tjmenzie/zyu9/miniconda2/bin/python2.7 runner.py exp_HPC 3
------------------------------------------------------------

Successfully completed.

Resource usage summary:

    CPU time :                                   22265.25 sec.
    Max Memory :                                 401.16 MB
    Average Memory :                             162.67 MB
    Total Requested Memory :                     -
    Delta Memory :                               -
    Max Swap :                                   1729 MB
    Max Processes :                              3
    Max Threads :                                15
    Run time :                                   21011 sec.
    Turnaround time :                            21017 sec.

The output (if any) is above this job summary.



PS:

Read file <./err/3.err.223318> for stderr output of this job.

