0, 0, 181
6, 10, 181
14, 20, 182
24, 30, 185
34, 40, 190
44, 50, 194
54, 60, 199
64, 70, 204
73, 80, 208
83, 90, 212
93, 100, 217
102, 110, 223
112, 120, 227
122, 130, 232
131, 140, 237
140, 150, 240
146, 160, 244
156, 170, 245
164, 180, 250
173, 190, 253
174, 200, 257
179, 210, 255
184, 220, 256
187, 230, 258
188, 240, 258
189, 250, 256
190, 260, 254
191, 270, 253
193, 280, 252
193, 290, 253
193, 300, 251
194, 310, 250
194, 320, 250
194, 330, 248
194, 340, 247
194, 350, 246
194, 360, 244
194, 370, 243
194, 380, 242
194, 390, 241
194, 400, 240
194, 410, 239
194, 420, 238
194, 430, 238
194, 440, 237
196, 450, 236
196, 460, 237
197, 470, 237
197, 480, 237
198, 490, 236
198, 500, 237
198, 510, 236
198, 520, 236
198, 530, 235
198, 540, 235
198, 550, 234
198, 560, 234
198, 570, 233
199, 580, 233
199, 590, 233
199, 600, 233
199, 610, 233
199, 620, 232
199, 630, 232
200, 640, 231
200, 650, 232
200, 660, 232
200, 670, 231
200, 680, 231
200, 690, 231
200, 700, 230
200, 710, 230
200, 720, 230
200, 730, 229
200, 740, 229
200, 750, 229
200, 760, 228
200, 770, 228
200, 780, 228
200, 790, 228
200, 800, 227
200, 810, 227
200, 820, 227
200, 830, 227
200, 840, 226
200, 850, 226
200, 860, 226
200, 870, 226
200, 880, 225
200, 890, 225
200, 900, 225
200, 910, 225
200, 920, 225
200, 930, 224
200, 940, 224
200, 950, 224
200, 960, 224
200, 970, 224
200, 980, 223
200, 990, 223
200, 1000, 223
200, 1010, 223
200, 1020, 223
200, 1030, 223
200, 1040, 222
200, 1050, 222
200, 1060, 222
200, 1070, 222
200, 1080, 222
200, 1090, 221
200, 1100, 221
200, 1110, 221
200, 1120, 221
200, 1130, 221
200, 1140, 221
200, 1150, 220
200, 1160, 220
200, 1170, 220
200, 1180, 220
200, 1190, 220
200, 1200, 220
200, 1210, 220
200, 1220, 219
200, 1230, 219
200, 1240, 219
200, 1250, 219
200, 1260, 219
200, 1270, 219
200, 1280, 219
200, 1290, 218
200, 1300, 218
200, 1310, 218
200, 1320, 218
200, 1330, 218
200, 1340, 218
200, 1350, 218
200, 1360, 217
200, 1370, 217
200, 1380, 217
200, 1390, 217
200, 1400, 217
200, 1410, 217
200, 1420, 217
200, 1430, 217
200, 1440, 216
200, 1450, 216
200, 1460, 216
200, 1470, 216
200, 1480, 216
200, 1490, 216
200, 1500, 216
200, 1510, 216
200, 1520, 216
200, 1530, 215
200, 1540, 215
200, 1550, 215
200, 1560, 215
200, 1570, 215
200, 1580, 215
200, 1590, 215
200, 1600, 215
200, 1610, 215
200, 1620, 215
200, 1630, 214
200, 1640, 214
200, 1650, 214
200, 1660, 214
200, 1670, 214
200, 1680, 214
200, 1690, 214
200, 1700, 214
200, 1710, 214
200, 1720, 214
200, 1730, 214
200, 1740, 213
200, 1750, 213
200, 1760, 213
200, 1770, 213
200, 1780, 213
200, 1790, 213
200, 1800, 213
200, 1810, 213
200, 1820, 213
200, 1830, 213
200, 1840, 213
200, 1850, 213
200, 1860, 212
200, 1870, 212
200, 1880, 212
200, 1890, 212
200, 1900, 212
200, 1910, 212
200, 1920, 212
200, 1930, 212
200, 1940, 212
200, 1950, 212
200, 1960, 212
200, 1970, 212
200, 1980, 212
200, 1990, 212
200, 2000, 211
200, 2010, 211
200, 2020, 211
200, 2030, 211
200, 2040, 211
200, 2050, 211
200, 2060, 211
200, 2070, 211
200, 2080, 211
200, 2090, 211
200, 2100, 211
200, 2110, 211
200, 2120, 211
200, 2130, 211
200, 2140, 210
200, 2150, 210
200, 2160, 210
200, 2170, 210
200, 2180, 210
200, 2190, 210
200, 2200, 210
200, 2210, 210
200, 2220, 210
200, 2230, 210
200, 2240, 210
200, 2250, 210
200, 2260, 210
200, 2270, 210
200, 2280, 209
200, 2290, 209
200, 2300, 209
200, 2310, 209
200, 2320, 209
201, 2330, 209
201, 2340, 210
201, 2350, 210
202, 2360, 210
202, 2370, 211
202, 2380, 211
202, 2390, 211
202, 2400, 211
203, 2410, 211
203, 2420, 212
203, 2430, 212
204, 2440, 212
204, 2450, 212
204, 2460, 212
204, 2470, 212
204, 2480, 212
204, 2490, 212
204, 2500, 212
204, 2510, 212
204, 2520, 212
204, 2530, 212
204, 2540, 212
204, 2550, 212
204, 2560, 212
204, 2570, 212
204, 2580, 212
204, 2590, 212
204, 2600, 212
204, 2610, 212
204, 2620, 211
204, 2630, 211
204, 2640, 211
204, 2650, 211
204, 2660, 211
204, 2670, 211
204, 2680, 211
204, 2690, 211
204, 2700, 211
204, 2710, 211
204, 2720, 211
204, 2730, 211
204, 2740, 211
204, 2750, 211
204, 2760, 211
204, 2770, 211
204, 2780, 211
204, 2790, 211
204, 2800, 211
204, 2810, 211
204, 2820, 210
204, 2830, 210
204, 2840, 210
204, 2850, 210
204, 2860, 210
204, 2870, 210
204, 2880, 210
204, 2890, 210
204, 2900, 210
204, 2910, 210
204, 2920, 210
204, 2930, 210
204, 2940, 210
204, 2950, 210
204, 2960, 210
204, 2970, 210
204, 2980, 210
204, 2990, 210
204, 3000, 210
204, 3010, 210
204, 3020, 210
204, 3030, 210
204, 3040, 209
204, 3050, 209
204, 3060, 209
204, 3070, 209
204, 3080, 209
204, 3090, 209
204, 3100, 209
204, 3110, 209
204, 3120, 209
204, 3130, 209
204, 3140, 209
204, 3150, 209
204, 3160, 209
204, 3170, 209
204, 3180, 209
204, 3190, 209
204, 3200, 209
204, 3210, 209
204, 3220, 209
204, 3230, 209
204, 3240, 209
204, 3250, 209
204, 3260, 209
204, 3270, 209
204, 3280, 209
204, 3290, 209
204, 3300, 208
204, 3310, 208
204, 3320, 208
204, 3330, 208
204, 3340, 208
204, 3350, 208
204, 3360, 208
204, 3370, 208
204, 3380, 208
204, 3390, 208
204, 3400, 208
204, 3410, 208
204, 3420, 208
204, 3430, 208
204, 3440, 208
204, 3450, 208
204, 3460, 208
204, 3470, 208
204, 3480, 208
204, 3490, 208
204, 3500, 208
204, 3510, 208
204, 3520, 208
204, 3530, 208
204, 3540, 208
204, 3550, 208
204, 3560, 208
204, 3570, 208
204, 3580, 208
204, 3590, 208
204, 3600, 207
204, 3610, 207
204, 3620, 207
204, 3630, 207
204, 3640, 207
204, 3650, 207
204, 3660, 207
204, 3670, 207
204, 3680, 207
204, 3690, 207
204, 3700, 207
204, 3710, 207
204, 3720, 207
204, 3730, 207
204, 3740, 207
204, 3750, 207
204, 3760, 207
204, 3770, 207
204, 3780, 207
204, 3790, 207
204, 3800, 207
204, 3810, 207
204, 3820, 207
204, 3830, 207
204, 3840, 207
204, 3850, 207
204, 3860, 207
204, 3870, 207
204, 3880, 207
204, 3890, 207
204, 3900, 207
204, 3910, 207
204, 3920, 207
204, 3930, 207
204, 3940, 207
204, 3950, 207
204, 3960, 207
204, 3970, 207
204, 3980, 207
204, 3990, 207
204, 4000, 206
204, 4010, 206
204, 4020, 206
204, 4030, 206
204, 4040, 206
204, 4050, 206
204, 4060, 206
204, 4070, 206
204, 4080, 206
204, 4090, 206
204, 4100, 206
204, 4110, 206
204, 4120, 206
204, 4130, 206
204, 4140, 206
204, 4150, 206
204, 4160, 206
204, 4170, 206
204, 4180, 206
204, 4190, 206
204, 4200, 206
204, 4210, 206
204, 4220, 206
204, 4230, 206
204, 4240, 206
204, 4250, 206
204, 4260, 206
204, 4270, 206
204, 4280, 206
204, 4290, 206
204, 4300, 206
204, 4310, 206
204, 4320, 206
204, 4330, 206
204, 4340, 206
204, 4350, 206
204, 4360, 206
204, 4370, 206
204, 4380, 206
204, 4390, 206
204, 4400, 206
204, 4410, 206
204, 4420, 206
204, 4430, 206
204, 4440, 206
204, 4450, 205
204, 4460, 205
204, 4470, 205
204, 4480, 205
204, 4490, 205
204, 4500, 205
204, 4510, 205
204, 4520, 205
204, 4530, 205
204, 4540, 205
204, 4550, 205
204, 4560, 205
204, 4570, 205
204, 4580, 205
204, 4590, 205
204, 4600, 205
204, 4610, 205
204, 4620, 205
204, 4630, 205
204, 4640, 205
204, 4650, 205
204, 4660, 205
204, 4670, 205
204, 4680, 205
204, 4690, 205
204, 4700, 205
204, 4710, 205
204, 4720, 205
204, 4730, 205
204, 4740, 205
204, 4750, 205
204, 4760, 205
204, 4770, 205
204, 4780, 205
204, 4790, 205
204, 4800, 205
204, 4810, 205
204, 4820, 205
204, 4830, 205
204, 4840, 205
204, 4850, 205
204, 4860, 205
204, 4870, 205
204, 4880, 205
204, 4890, 205
204, 4900, 205
204, 4910, 205
204, 4920, 205
204, 4930, 205
204, 4940, 205
204, 4950, 205
204, 4960, 205
204, 4970, 205
204, 4980, 205
204, 4990, 205
204, 5000, 205
204, 5010, 205
204, 5020, 205
204, 5030, 204
0, 0, 0
1, 10, 0
1, 20, 108
1, 30, 109
1, 40, 110
1, 50, 110
1, 60, 109
1, 70, 113
1, 80, 115
1, 90, 112
1, 100, 112
1, 110, 110
1, 120, 114
1, 130, 118
6, 140, 116
14, 150, 110
24, 160, 113
34, 170, 124
44, 180, 67
53, 190, 76
60, 200, 85
67, 210, 93
73, 220, 98
83, 230, 105
93, 240, 122
103, 250, 148
112, 260, 170
117, 270, 193
127, 280, 198
137, 290, 220
146, 300, 253
151, 310, 277
153, 320, 281
157, 330, 282
160, 340, 275
161, 350, 276
161, 360, 275
161, 370, 262
164, 380, 247
174, 390, 237
183, 400, 254
183, 410, 268
183, 420, 258
184, 430, 258
185, 440, 265
185, 450, 251
185, 460, 252
185, 470, 251
185, 480, 241
188, 490, 236
188, 500, 235
188, 510, 233
188, 520, 236
188, 530, 229
188, 540, 228
188, 550, 234
188, 560, 226
188, 570, 224
188, 580, 225
188, 590, 221
188, 600, 224
188, 610, 219
188, 620, 220
188, 630, 221
188, 640, 216
188, 650, 215
188, 660, 212
188, 670, 213
188, 680, 211
188, 690, 211
188, 700, 211
188, 710, 211
188, 720, 212
189, 730, 211
189, 740, 213
189, 750, 211
189, 760, 211
189, 770, 208
189, 780, 209
189, 790, 208
189, 800, 209
189, 810, 207
189, 820, 207
189, 830, 206
189, 840, 207
189, 850, 206
190, 860, 204
190, 870, 207
190, 880, 207
190, 890, 205
191, 900, 206
191, 910, 208
191, 920, 208
191, 930, 208
191, 940, 205
191, 950, 206
191, 960, 205
191, 970, 204
191, 980, 203
192, 990, 205
192, 1000, 205
192, 1010, 205
192, 1020, 203
192, 1030, 203
192, 1040, 203
192, 1050, 202
192, 1060, 202
192, 1070, 203
192, 1080, 203
192, 1090, 202
192, 1100, 203
192, 1110, 202
192, 1120, 202
192, 1130, 202
192, 1140, 202
192, 1150, 201
192, 1160, 201
192, 1170, 202
192, 1180, 200
192, 1190, 201
192, 1200, 200
192, 1210, 201
193, 1220, 200
194, 1230, 201
194, 1240, 203
194, 1250, 202
194, 1260, 203
194, 1270, 202
194, 1280, 202
195, 1290, 203
195, 1300, 203
195, 1310, 203
195, 1320, 203
195, 1330, 203
195, 1340, 202
195, 1350, 203
195, 1360, 203
195, 1370, 202
195, 1380, 202
195, 1390, 202
195, 1400, 202
195, 1410, 202
195, 1420, 202
195, 1430, 202
195, 1440, 202
195, 1450, 202
195, 1460, 202
195, 1470, 202
195, 1480, 201
195, 1490, 201
195, 1500, 200
195, 1510, 201
195, 1520, 201
195, 1530, 201
195, 1540, 201
195, 1550, 201
195, 1560, 200
195, 1570, 201
195, 1580, 201
195, 1590, 201
195, 1600, 200
195, 1610, 200
195, 1620, 200
195, 1630, 200
195, 1640, 199
195, 1650, 199
195, 1660, 199
195, 1670, 200
195, 1680, 200
195, 1690, 200
195, 1700, 200
195, 1710, 199
195, 1720, 199
195, 1730, 199
195, 1740, 200
195, 1750, 199
195, 1760, 199
195, 1770, 199
195, 1780, 199
195, 1790, 199
195, 1800, 199
195, 1810, 199
195, 1820, 199
195, 1830, 199
195, 1840, 199
195, 1850, 199
195, 1860, 199
195, 1870, 198
195, 1880, 198
195, 1890, 199
195, 1900, 198
195, 1910, 198
195, 1920, 198
195, 1930, 198
195, 1940, 198
195, 1950, 198
195, 1960, 198
195, 1970, 198
195, 1980, 198
195, 1990, 198
195, 2000, 198
195, 2010, 198
195, 2020, 198
195, 2030, 198
195, 2040, 197
195, 2050, 198
195, 2060, 198
195, 2070, 198
195, 2080, 198
195, 2090, 198
195, 2100, 198
195, 2110, 197
195, 2120, 198
195, 2130, 198
195, 2140, 198
195, 2150, 198
195, 2160, 197
195, 2170, 198
195, 2180, 197
195, 2190, 197
195, 2200, 197
195, 2210, 197
195, 2220, 197
195, 2230, 197
195, 2240, 197
195, 2250, 198
195, 2260, 197
195, 2270, 197
195, 2280, 197
195, 2290, 197
195, 2300, 197
195, 2310, 197
195, 2320, 197
195, 2330, 197
195, 2340, 197
195, 2350, 197
195, 2360, 197
195, 2370, 197
195, 2380, 197
195, 2390, 197
195, 2400, 196
195, 2410, 197
195, 2420, 197
195, 2430, 197
195, 2440, 197
195, 2450, 197
195, 2460, 197
195, 2470, 197
195, 2480, 197
195, 2490, 196
195, 2500, 196
195, 2510, 196
195, 2520, 197
195, 2530, 197
195, 2540, 197
195, 2550, 196
195, 2560, 197
195, 2570, 196
195, 2580, 196
195, 2590, 196
195, 2600, 196
195, 2610, 196
195, 2620, 196
195, 2630, 196
195, 2640, 196
195, 2650, 196
195, 2660, 196
195, 2670, 196
195, 2680, 196
195, 2690, 196
196, 2700, 196
197, 2710, 197
197, 2720, 198
197, 2730, 198
197, 2740, 198
197, 2750, 198
197, 2760, 198
197, 2770, 198
197, 2780, 198
197, 2790, 198
197, 2800, 198
197, 2810, 198
197, 2820, 198
197, 2830, 198
197, 2840, 198
197, 2850, 198
197, 2860, 198
197, 2870, 198
197, 2880, 198
197, 2890, 198
197, 2900, 198
197, 2910, 198
197, 2920, 198
197, 2930, 198
197, 2940, 198
197, 2950, 198
197, 2960, 198
197, 2970, 198
197, 2980, 198
197, 2990, 198
197, 3000, 198
197, 3010, 198
197, 3020, 198
197, 3030, 198
197, 3040, 198
197, 3050, 198
197, 3060, 198
197, 3070, 198
197, 3080, 198
197, 3090, 198
197, 3100, 198
197, 3110, 198
197, 3120, 198
197, 3130, 198
198, 3140, 198
198, 3150, 199
198, 3160, 199
198, 3170, 199
198, 3180, 199
198, 3190, 199
198, 3200, 199
198, 3210, 199
198, 3220, 199
198, 3230, 199
198, 3240, 199
198, 3250, 199
198, 3260, 199
198, 3270, 199
198, 3280, 199
198, 3290, 199
198, 3300, 199
198, 3310, 199
198, 3320, 199
198, 3330, 199
198, 3340, 199
198, 3350, 199
198, 3360, 199
198, 3370, 199
198, 3380, 199
198, 3390, 199
198, 3400, 199
198, 3410, 199
198, 3420, 199
198, 3430, 199
198, 3440, 199
199, 3450, 198
199, 3460, 200
199, 3470, 200
199, 3480, 200
199, 3490, 199
199, 3500, 199
199, 3510, 199
199, 3520, 199
199, 3530, 199
199, 3540, 199
199, 3550, 199
199, 3560, 199
199, 3570, 199
199, 3580, 199
199, 3590, 199
199, 3600, 199
199, 3610, 199
199, 3620, 199
199, 3630, 199
199, 3640, 199
199, 3650, 199
199, 3660, 199
199, 3670, 199
199, 3680, 199
199, 3690, 199
199, 3700, 199
199, 3710, 199
199, 3720, 199
199, 3730, 199
199, 3740, 199
199, 3750, 199
199, 3760, 199
199, 3770, 199
199, 3780, 199
199, 3790, 199
199, 3800, 199
199, 3810, 199
199, 3820, 199
199, 3830, 199
199, 3840, 199
199, 3850, 199
199, 3860, 199
199, 3870, 199
199, 3880, 199
199, 3890, 199
199, 3900, 199
199, 3910, 199
199, 3920, 199
199, 3930, 199
199, 3940, 199
199, 3950, 199
199, 3960, 199
199, 3970, 199
199, 3980, 199
199, 3990, 199
199, 4000, 199
201, 4010, 199
201, 4020, 201
201, 4030, 201
201, 4040, 201
202, 4050, 201
202, 4060, 202
202, 4070, 202
202, 4080, 202
203, 4090, 202
204, 4100, 203

------------------------------------------------------------
Sender: LSF System <lsfadmin@n2e2-10>
Subject: Job 360691: </share/tjmenzie/zyu9/miniconda2/bin/python2.7 runner.py exp_HPC 3> in cluster <henry2> Done

Job </share/tjmenzie/zyu9/miniconda2/bin/python2.7 runner.py exp_HPC 3> was submitted from host <login01> by user <zyu9> in cluster <henry2> at Thu Mar 21 10:23:06 2019.
Job was executed on host(s) <2*n2e2-10>, in queue <single_chassis>, as user <zyu9> in cluster <henry2> at Thu Mar 21 10:23:10 2019.
</home/zyu9> was used as the home directory.
</home/zyu9/projects/Better-Est/src> was used as the working directory.
Started at Thu Mar 21 10:23:10 2019.
Terminated at Thu Mar 21 15:15:15 2019.
Results reported at Thu Mar 21 15:15:15 2019.

Your job looked like:

------------------------------------------------------------
# LSBATCH: User input
/share/tjmenzie/zyu9/miniconda2/bin/python2.7 runner.py exp_HPC 3
------------------------------------------------------------

Successfully completed.

Resource usage summary:

    CPU time :                                   18725.91 sec.
    Max Memory :                                 400.81 MB
    Average Memory :                             168.27 MB
    Total Requested Memory :                     -
    Delta Memory :                               -
    Max Swap :                                   1461 MB
    Max Processes :                              3
    Max Threads :                                11
    Run time :                                   17527 sec.
    Turnaround time :                            17529 sec.

The output (if any) is above this job summary.



PS:

Read file <./err/3.err.360691> for stderr output of this job.

