0, 0, 118
0, 10, 118
0, 20, 116
0, 30, 115
0, 40, 113
0, 50, 111
0, 60, 110
0, 70, 108
0, 80, 106
0, 90, 104
0, 100, 102
0, 110, 99
0, 120, 97
0, 130, 95
0, 140, 93
0, 150, 91
0, 160, 90
0, 170, 88
0, 180, 86
0, 190, 84
0, 200, 83
0, 210, 81
0, 220, 79
0, 230, 77
3, 240, 75
9, 250, 76
10, 260, 79
14, 270, 77
14, 280, 79
18, 290, 77
22, 300, 79
29, 310, 80
32, 320, 84
38, 330, 84
40, 340, 87
44, 350, 86
48, 360, 88
56, 370, 88
57, 380, 93
57, 390, 92
57, 400, 92
57, 410, 92
57, 420, 92
57, 430, 92
57, 440, 92
57, 450, 92
57, 460, 92
57, 470, 92
57, 480, 92
57, 490, 91
57, 500, 91
57, 510, 91
57, 520, 91
57, 530, 91
57, 540, 91
57, 550, 91
57, 560, 91
57, 570, 91
57, 580, 91
57, 590, 90
57, 600, 90
57, 610, 90
57, 620, 90
57, 630, 90
57, 640, 90
57, 650, 90
57, 660, 90
57, 670, 90
57, 680, 90
57, 690, 89
57, 700, 89
57, 710, 89
57, 720, 89
57, 730, 89
57, 740, 89
57, 750, 89
57, 760, 89
57, 770, 89
57, 780, 89
57, 790, 89
57, 800, 89
57, 810, 89
57, 820, 88
57, 830, 88
57, 840, 88
57, 850, 88
57, 860, 88
57, 870, 88
57, 880, 88
57, 890, 88
57, 900, 87
57, 910, 87
57, 920, 87
57, 930, 87
57, 940, 87
57, 950, 87
57, 960, 87
57, 970, 86
57, 980, 86
57, 990, 86
57, 1000, 86
57, 1010, 86
57, 1020, 86
57, 1030, 86
57, 1040, 86
57, 1050, 86
57, 1060, 86
57, 1070, 85
57, 1080, 85
57, 1090, 85
57, 1100, 85
57, 1110, 85
57, 1120, 85
57, 1130, 85
57, 1140, 85
57, 1150, 85
57, 1160, 85
57, 1170, 85
57, 1180, 84
57, 1190, 84
57, 1200, 84
57, 1210, 84
57, 1220, 84
57, 1230, 84
57, 1240, 84
57, 1250, 84
57, 1260, 84
57, 1270, 84
57, 1280, 84
57, 1290, 83
57, 1300, 83
57, 1310, 83
57, 1320, 83
57, 1330, 83
57, 1340, 83
57, 1350, 83
57, 1360, 83
57, 1370, 82
57, 1380, 82
57, 1390, 82
57, 1400, 82
57, 1410, 82
57, 1420, 82
57, 1430, 82
57, 1440, 82
57, 1450, 82
57, 1460, 81
57, 1470, 81
57, 1480, 81
57, 1490, 81
57, 1500, 81
57, 1510, 81
57, 1520, 81
57, 1530, 81
57, 1540, 81
57, 1550, 80
57, 1560, 80
57, 1570, 80
57, 1580, 80
57, 1590, 80
57, 1600, 80
57, 1610, 80
57, 1620, 80
57, 1630, 80
57, 1640, 80
57, 1650, 80
57, 1660, 80
57, 1670, 79
57, 1680, 79
57, 1690, 79
57, 1700, 79
57, 1710, 79
57, 1720, 79
57, 1730, 79
57, 1740, 79
57, 1750, 78
57, 1760, 78
57, 1770, 78
57, 1780, 78
57, 1790, 78
57, 1800, 78
57, 1810, 78
57, 1820, 78
57, 1830, 78
57, 1840, 78
57, 1850, 78
57, 1860, 77
57, 1870, 77
57, 1880, 77
57, 1890, 77
57, 1900, 77
57, 1910, 77
57, 1920, 77
57, 1930, 77
57, 1940, 77
57, 1950, 76
57, 1960, 76
57, 1970, 76
57, 1980, 76
57, 1990, 76
57, 2000, 76
57, 2010, 76
57, 2020, 76
57, 2030, 76
57, 2040, 76
57, 2050, 76
57, 2060, 76
57, 2070, 76
57, 2080, 76
57, 2090, 76
57, 2100, 76
57, 2110, 75
57, 2120, 75
57, 2130, 75
57, 2140, 75
57, 2150, 75
57, 2160, 75
57, 2170, 75
57, 2180, 75
57, 2190, 75
57, 2200, 75
57, 2210, 75
57, 2220, 75
57, 2230, 75
57, 2240, 75
57, 2250, 75
57, 2260, 75
57, 2270, 74
57, 2280, 74
57, 2290, 74
57, 2300, 74
57, 2310, 74
57, 2320, 74
57, 2330, 74
57, 2340, 74
57, 2350, 74
57, 2360, 74
57, 2370, 74
57, 2380, 74
57, 2390, 74
57, 2400, 74
57, 2410, 73
57, 2420, 73
57, 2430, 73
57, 2440, 73
57, 2450, 73
57, 2460, 73
57, 2470, 73
57, 2480, 73
57, 2490, 73
57, 2500, 73
57, 2510, 73
57, 2520, 73
57, 2530, 72
57, 2540, 72
57, 2550, 72
57, 2560, 72
57, 2570, 72
57, 2580, 72
57, 2590, 72
57, 2600, 72
57, 2610, 72
57, 2620, 71
57, 2630, 71
57, 2640, 71
57, 2650, 71
57, 2660, 71
57, 2670, 71
57, 2680, 71
57, 2690, 71
57, 2700, 71
57, 2710, 71
57, 2720, 71
57, 2730, 71
57, 2740, 71
57, 2750, 71
57, 2760, 71
57, 2770, 71
57, 2780, 70
57, 2790, 70
57, 2800, 70
57, 2810, 70
57, 2820, 70
57, 2830, 70
57, 2840, 70
57, 2850, 70
57, 2860, 70
57, 2870, 70
57, 2880, 70
57, 2890, 70
57, 2900, 70
57, 2910, 70
57, 2920, 70
57, 2930, 70
57, 2940, 70
57, 2950, 69
57, 2960, 69
57, 2970, 69
57, 2980, 69
57, 2990, 69
57, 3000, 69
57, 3010, 69
57, 3020, 69
57, 3030, 69
57, 3040, 69
57, 3050, 69
57, 3060, 69
57, 3070, 68
57, 3080, 68
57, 3090, 68
57, 3100, 68
57, 3110, 68
57, 3120, 68
57, 3130, 68
57, 3140, 68
57, 3150, 68
57, 3160, 68
57, 3170, 68
57, 3180, 68
57, 3190, 68
57, 3200, 68
57, 3210, 67
57, 3220, 67
57, 3230, 67
57, 3240, 67
57, 3250, 67
57, 3260, 67
57, 3270, 67
57, 3280, 67
57, 3290, 67
57, 3300, 67
57, 3310, 67
57, 3320, 67
57, 3330, 67
57, 3340, 67
57, 3350, 67
57, 3360, 67
57, 3370, 66
57, 3380, 66
57, 3390, 66
57, 3400, 66
57, 3410, 66
57, 3420, 66
57, 3430, 66
57, 3440, 66
57, 3450, 66
57, 3460, 66
57, 3470, 66
57, 3480, 66
57, 3490, 66
57, 3500, 65
57, 3510, 65
57, 3520, 65
57, 3530, 65
57, 3540, 65
57, 3550, 65
57, 3560, 65
57, 3570, 65
57, 3580, 65
57, 3590, 65
57, 3600, 65
57, 3610, 64
57, 3620, 64
57, 3630, 64
57, 3640, 64
57, 3650, 64
57, 3660, 64
57, 3670, 64
57, 3680, 64
57, 3690, 63
57, 3700, 63
57, 3710, 63
57, 3720, 63
57, 3730, 63
57, 3740, 63
57, 3750, 63
57, 3760, 63
57, 3770, 63
57, 3780, 63
57, 3790, 62
57, 3800, 62
57, 3810, 62
57, 3820, 62
57, 3830, 62
57, 3840, 62
57, 3850, 62
57, 3860, 62
57, 3870, 62
57, 3880, 62
57, 3890, 61
57, 3900, 61
57, 3910, 61
57, 3920, 61
57, 3930, 61
57, 3940, 61
57, 3950, 61
57, 3960, 61
57, 3970, 61
57, 3980, 60
57, 3990, 60
57, 4000, 60
57, 4010, 60
57, 4020, 60
57, 4030, 60
57, 4040, 60
57, 4050, 60
57, 4060, 60
57, 4070, 60
57, 4080, 60
57, 4090, 59
57, 4100, 59
57, 4110, 59
57, 4120, 59
57, 4130, 59
57, 4140, 59
57, 4150, 59
57, 4160, 59
57, 4170, 59
57, 4180, 59
57, 4190, 59
57, 4200, 59
57, 4210, 59
57, 4220, 59
57, 4230, 59
57, 4240, 58
58, 4250, 58
62, 4260, 59
71, 4270, 63
73, 4280, 72
75, 4290, 74
78, 4300, 76
81, 4310, 79
83, 4320, 82
86, 4330, 83
86, 4340, 86
90, 4350, 86
94, 4360, 90
102, 4370, 94
103, 4380, 102
104, 4390, 103
0, 0, 0
1, 10, 0
1, 20, 94
1, 30, 94
1, 40, 91
9, 50, 92
14, 60, 81
24, 70, 90
27, 80, 107
27, 90, 109
28, 100, 112
28, 110, 108
29, 120, 112
30, 130, 108
33, 140, 58
33, 150, 62
39, 160, 56
43, 170, 73
44, 180, 76
44, 190, 74
44, 200, 75
44, 210, 76
44, 220, 74
44, 230, 76
44, 240, 70
44, 250, 77
44, 260, 73
44, 270, 71
44, 280, 78
44, 290, 76
44, 300, 75
45, 310, 77
48, 320, 82
52, 330, 85
52, 340, 94
54, 350, 89
54, 360, 91
54, 370, 85
54, 380, 84
54, 390, 89
54, 400, 83
54, 410, 82
54, 420, 83
55, 430, 81
56, 440, 82
56, 450, 84
57, 460, 84
57, 470, 82
57, 480, 82
57, 490, 82
57, 500, 82
58, 510, 82
60, 520, 82
61, 530, 83
61, 540, 85
61, 550, 82
61, 560, 85
62, 570, 83
62, 580, 83
62, 590, 84
62, 600, 78
62, 610, 80
62, 620, 78
62, 630, 78
62, 640, 76
62, 650, 74
62, 660, 76
62, 670, 77
62, 680, 78
62, 690, 77
62, 700, 77
62, 710, 76
62, 720, 76
62, 730, 76
63, 740, 78
67, 750, 80
67, 760, 80
67, 770, 82
68, 780, 83
68, 790, 83
68, 800, 81
68, 810, 81
68, 820, 80
68, 830, 80
68, 840, 79
68, 850, 79
68, 860, 81
68, 870, 77
68, 880, 77
68, 890, 76
68, 900, 76
68, 910, 76
68, 920, 76
68, 930, 76
68, 940, 75
69, 950, 76
69, 960, 77
69, 970, 77
69, 980, 77
69, 990, 77
69, 1000, 76
69, 1010, 76
69, 1020, 77
69, 1030, 76
69, 1040, 77
69, 1050, 77
69, 1060, 76
69, 1070, 75
71, 1080, 75
71, 1090, 77
71, 1100, 78
71, 1110, 78
71, 1120, 78
71, 1130, 78
73, 1140, 77
73, 1150, 79
73, 1160, 79
73, 1170, 79
73, 1180, 79
73, 1190, 79
73, 1200, 79
73, 1210, 78
73, 1220, 78
73, 1230, 78
73, 1240, 78
73, 1250, 77
74, 1260, 78
75, 1270, 78
75, 1280, 80
76, 1290, 80
77, 1300, 81
78, 1310, 82
79, 1320, 83
79, 1330, 84
79, 1340, 84
79, 1350, 84
80, 1360, 84
80, 1370, 85
80, 1380, 85
80, 1390, 84
80, 1400, 84
80, 1410, 90
80, 1420, 84
80, 1430, 84
80, 1440, 84
80, 1450, 87
80, 1460, 84
80, 1470, 83
80, 1480, 83
80, 1490, 83
80, 1500, 83
80, 1510, 83
80, 1520, 83
80, 1530, 83
80, 1540, 83
80, 1550, 83
80, 1560, 83
80, 1570, 83
80, 1580, 82
80, 1590, 83
80, 1600, 82
80, 1610, 82
80, 1620, 82
80, 1630, 82
80, 1640, 82
80, 1650, 82
80, 1660, 82
80, 1670, 82
80, 1680, 82
80, 1690, 82
81, 1700, 82
81, 1710, 83
81, 1720, 83
81, 1730, 83
81, 1740, 83
81, 1750, 83
81, 1760, 83
81, 1770, 83
81, 1780, 82
81, 1790, 82
81, 1800, 82
81, 1810, 82
81, 1820, 82
81, 1830, 82
81, 1840, 82
82, 1850, 82
83, 1860, 83
83, 1870, 84
83, 1880, 84
83, 1890, 84
83, 1900, 84
84, 1910, 84
84, 1920, 85
84, 1930, 85
84, 1940, 85
84, 1950, 85
84, 1960, 85
84, 1970, 85
84, 1980, 85
84, 1990, 85
84, 2000, 85
84, 2010, 85
84, 2020, 85
84, 2030, 85
84, 2040, 85
84, 2050, 85
84, 2060, 85
84, 2070, 85
85, 2080, 86
85, 2090, 87
85, 2100, 87
85, 2110, 87
85, 2120, 87
85, 2130, 87
85, 2140, 87
85, 2150, 87
85, 2160, 87
86, 2170, 87
89, 2180, 87
89, 2190, 91
89, 2200, 91
89, 2210, 90
89, 2220, 91
89, 2230, 90
90, 2240, 91
91, 2250, 92
91, 2260, 93
92, 2270, 92
93, 2280, 94
93, 2290, 94
93, 2300, 94
93, 2310, 94
93, 2320, 95
93, 2330, 94
93, 2340, 94
93, 2350, 94
93, 2360, 94
93, 2370, 94
93, 2380, 94
93, 2390, 94
93, 2400, 94
93, 2410, 94
93, 2420, 94
93, 2430, 94
93, 2440, 94
93, 2450, 94
93, 2460, 94
93, 2470, 94
95, 2480, 94
96, 2490, 96
96, 2500, 97
96, 2510, 97
96, 2520, 97
96, 2530, 97
96, 2540, 97
96, 2550, 97
96, 2560, 97
96, 2570, 97
96, 2580, 97
96, 2590, 97
96, 2600, 97
96, 2610, 97
96, 2620, 97
96, 2630, 97
96, 2640, 97
96, 2650, 97
96, 2660, 97
96, 2670, 97
96, 2680, 97
96, 2690, 97
96, 2700, 97
96, 2710, 96
96, 2720, 96
96, 2730, 96
96, 2740, 96
96, 2750, 96
96, 2760, 96
96, 2770, 99
96, 2780, 99
96, 2790, 96
96, 2800, 99
96, 2810, 96
96, 2820, 96
96, 2830, 96
96, 2840, 96
96, 2850, 96
96, 2860, 96
97, 2870, 96
97, 2880, 97
97, 2890, 97
98, 2900, 97
98, 2910, 98
98, 2920, 98
98, 2930, 98
98, 2940, 98
98, 2950, 98
98, 2960, 104
98, 2970, 98
98, 2980, 98
98, 2990, 98
98, 3000, 98
98, 3010, 98
98, 3020, 98
98, 3030, 98
98, 3040, 98
98, 3050, 98
98, 3060, 98
98, 3070, 98
98, 3080, 98
98, 3090, 99
98, 3100, 98
98, 3110, 98
98, 3120, 98
98, 3130, 102
98, 3140, 101
98, 3150, 98
98, 3160, 98
98, 3170, 98
98, 3180, 98
98, 3190, 98
98, 3200, 98
98, 3210, 98
98, 3220, 98
98, 3230, 98
98, 3240, 98
98, 3250, 98
98, 3260, 98
98, 3270, 98
98, 3280, 98
98, 3290, 98
98, 3300, 98
98, 3310, 98
98, 3320, 98
98, 3330, 98
98, 3340, 98
98, 3350, 98
98, 3360, 98
98, 3370, 98
98, 3380, 98
98, 3390, 98
98, 3400, 98
98, 3410, 98
98, 3420, 98
98, 3430, 98
98, 3440, 98
98, 3450, 98
98, 3460, 98
98, 3470, 98
98, 3480, 98
98, 3490, 98
98, 3500, 98
98, 3510, 98
98, 3520, 98
98, 3530, 98
98, 3540, 98
98, 3550, 98
98, 3560, 98
98, 3570, 98
98, 3580, 98
98, 3590, 98
98, 3600, 98
98, 3610, 98
98, 3620, 98
98, 3630, 98
98, 3640, 98
98, 3650, 98
99, 3660, 98
99, 3670, 99
99, 3680, 99
99, 3690, 99
99, 3700, 99
99, 3710, 99
100, 3720, 99
103, 3730, 100
103, 3740, 103
103, 3750, 103
103, 3760, 103
103, 3770, 103
103, 3780, 103
103, 3790, 103
103, 3800, 103
103, 3810, 103
103, 3820, 103
103, 3830, 103
103, 3840, 103
103, 3850, 103
103, 3860, 103
103, 3870, 103
103, 3880, 103
103, 3890, 103
103, 3900, 103
104, 3910, 103

------------------------------------------------------------
Sender: LSF System <lsfadmin@n2c3-11>
Subject: Job 223319: </share/tjmenzie/zyu9/miniconda2/bin/python2.7 runner.py exp_HPC 4> in cluster <henry2> Done

Job </share/tjmenzie/zyu9/miniconda2/bin/python2.7 runner.py exp_HPC 4> was submitted from host <login01> by user <zyu9> in cluster <henry2> at Fri Mar 15 14:39:53 2019.
Job was executed on host(s) <2*n2c3-11>, in queue <single_chassis>, as user <zyu9> in cluster <henry2> at Fri Mar 15 14:39:59 2019.
</home/zyu9> was used as the home directory.
</home/zyu9/projects/Better-Est/src> was used as the working directory.
Started at Fri Mar 15 14:39:59 2019.
Terminated at Fri Mar 15 18:40:42 2019.
Results reported at Fri Mar 15 18:40:42 2019.

Your job looked like:

------------------------------------------------------------
# LSBATCH: User input
/share/tjmenzie/zyu9/miniconda2/bin/python2.7 runner.py exp_HPC 4
------------------------------------------------------------

Successfully completed.

Resource usage summary:

    CPU time :                                   15025.95 sec.
    Max Memory :                                 402.64 MB
    Average Memory :                             167.65 MB
    Total Requested Memory :                     -
    Delta Memory :                               -
    Max Swap :                                   1731 MB
    Max Processes :                              3
    Max Threads :                                15
    Run time :                                   14443 sec.
    Turnaround time :                            14449 sec.

The output (if any) is above this job summary.



PS:

Read file <./err/4.err.223319> for stderr output of this job.

