0, 0, 118
8, 10, 118
18, 20, 121
26, 30, 126
27, 40, 129
31, 50, 125
34, 60, 124
37, 70, 122
38, 80, 122
41, 90, 120
42, 100, 120
43, 110, 118
48, 120, 117
48, 130, 119
48, 140, 117
48, 150, 114
48, 160, 112
48, 170, 110
49, 180, 108
51, 190, 107
52, 200, 107
52, 210, 107
52, 220, 106
54, 230, 104
54, 240, 105
54, 250, 104
54, 260, 103
54, 270, 102
54, 280, 101
54, 290, 99
54, 300, 98
54, 310, 97
54, 320, 96
56, 330, 95
56, 340, 96
56, 350, 95
56, 360, 94
57, 370, 93
58, 380, 93
58, 390, 93
58, 400, 92
59, 410, 91
59, 420, 91
59, 430, 90
59, 440, 90
59, 450, 89
60, 460, 88
62, 470, 89
64, 480, 90
64, 490, 92
65, 500, 91
65, 510, 92
65, 520, 91
65, 530, 91
65, 540, 90
65, 550, 90
65, 560, 90
65, 570, 89
65, 580, 89
65, 590, 88
65, 600, 88
65, 610, 88
65, 620, 87
65, 630, 87
65, 640, 87
65, 650, 86
65, 660, 86
66, 670, 86
66, 680, 86
66, 690, 86
66, 700, 86
66, 710, 86
66, 720, 85
69, 730, 85
71, 740, 88
71, 750, 90
71, 760, 89
71, 770, 89
71, 780, 89
71, 790, 89
71, 800, 88
71, 810, 88
71, 820, 88
71, 830, 88
71, 840, 87
71, 850, 87
71, 860, 87
75, 870, 87
76, 880, 91
77, 890, 92
78, 900, 92
78, 910, 93
78, 920, 93
78, 930, 93
78, 940, 93
78, 950, 92
78, 960, 92
78, 970, 92
78, 980, 92
78, 990, 92
78, 1000, 92
78, 1010, 91
78, 1020, 91
78, 1030, 91
78, 1040, 91
78, 1050, 91
78, 1060, 91
78, 1070, 90
78, 1080, 90
78, 1090, 90
78, 1100, 90
78, 1110, 90
78, 1120, 90
78, 1130, 90
78, 1140, 89
78, 1150, 89
80, 1160, 89
80, 1170, 91
80, 1180, 91
80, 1190, 91
80, 1200, 91
80, 1210, 91
80, 1220, 90
81, 1230, 90
81, 1240, 91
81, 1250, 91
81, 1260, 91
81, 1270, 91
81, 1280, 91
81, 1290, 91
81, 1300, 91
81, 1310, 90
82, 1320, 90
82, 1330, 91
82, 1340, 91
82, 1350, 91
82, 1360, 91
82, 1370, 91
82, 1380, 91
82, 1390, 91
82, 1400, 91
83, 1410, 91
83, 1420, 91
83, 1430, 91
83, 1440, 91
83, 1450, 91
83, 1460, 91
83, 1470, 91
83, 1480, 91
83, 1490, 91
83, 1500, 91
83, 1510, 91
83, 1520, 91
83, 1530, 91
83, 1540, 90
83, 1550, 90
83, 1560, 90
83, 1570, 90
83, 1580, 90
83, 1590, 90
83, 1600, 90
83, 1610, 90
84, 1620, 90
84, 1630, 91
84, 1640, 91
84, 1650, 91
84, 1660, 91
84, 1670, 91
84, 1680, 90
84, 1690, 90
84, 1700, 90
84, 1710, 90
84, 1720, 90
84, 1730, 90
84, 1740, 90
84, 1750, 90
85, 1760, 90
85, 1770, 91
86, 1780, 91
86, 1790, 92
87, 1800, 92
87, 1810, 93
87, 1820, 93
88, 1830, 93
88, 1840, 93
88, 1850, 93
88, 1860, 93
88, 1870, 93
88, 1880, 93
88, 1890, 93
88, 1900, 93
88, 1910, 93
88, 1920, 93
89, 1930, 93
89, 1940, 94
89, 1950, 94
89, 1960, 94
89, 1970, 94
92, 1980, 94
92, 1990, 97
92, 2000, 97
92, 2010, 97
92, 2020, 97
92, 2030, 97
92, 2040, 97
92, 2050, 96
92, 2060, 96
92, 2070, 96
92, 2080, 96
92, 2090, 96
92, 2100, 96
92, 2110, 96
92, 2120, 96
92, 2130, 96
92, 2140, 96
92, 2150, 96
92, 2160, 96
94, 2170, 96
94, 2180, 98
94, 2190, 98
94, 2200, 98
94, 2210, 98
94, 2220, 98
94, 2230, 98
94, 2240, 98
94, 2250, 98
94, 2260, 98
94, 2270, 98
94, 2280, 98
94, 2290, 98
94, 2300, 97
94, 2310, 97
94, 2320, 97
94, 2330, 97
94, 2340, 97
94, 2350, 97
94, 2360, 97
94, 2370, 97
94, 2380, 97
94, 2390, 97
94, 2400, 97
95, 2410, 97
95, 2420, 98
95, 2430, 98
95, 2440, 98
95, 2450, 98
95, 2460, 98
95, 2470, 98
95, 2480, 98
95, 2490, 98
95, 2500, 98
95, 2510, 98
95, 2520, 98
95, 2530, 98
95, 2540, 98
95, 2550, 98
95, 2560, 98
95, 2570, 98
95, 2580, 98
95, 2590, 98
95, 2600, 98
95, 2610, 97
95, 2620, 97
95, 2630, 97
95, 2640, 97
95, 2650, 97
95, 2660, 97
95, 2670, 97
95, 2680, 97
95, 2690, 97
95, 2700, 97
95, 2710, 97
95, 2720, 97
95, 2730, 97
95, 2740, 97
95, 2750, 97
95, 2760, 97
95, 2770, 97
95, 2780, 97
95, 2790, 97
95, 2800, 97
95, 2810, 97
95, 2820, 97
95, 2830, 97
95, 2840, 97
95, 2850, 97
96, 2860, 97
96, 2870, 98
96, 2880, 98
96, 2890, 98
96, 2900, 98
96, 2910, 98
96, 2920, 98
96, 2930, 98
96, 2940, 98
96, 2950, 98
96, 2960, 98
96, 2970, 98
96, 2980, 98
96, 2990, 98
96, 3000, 98
96, 3010, 97
96, 3020, 97
96, 3030, 97
96, 3040, 97
96, 3050, 97
96, 3060, 97
96, 3070, 97
96, 3080, 97
96, 3090, 97
96, 3100, 97
96, 3110, 97
96, 3120, 97
96, 3130, 97
96, 3140, 97
96, 3150, 97
96, 3160, 97
96, 3170, 97
96, 3180, 97
96, 3190, 97
96, 3200, 97
96, 3210, 97
96, 3220, 97
96, 3230, 97
96, 3240, 97
96, 3250, 97
96, 3260, 97
96, 3270, 97
96, 3280, 97
96, 3290, 97
96, 3300, 97
96, 3310, 97
96, 3320, 97
96, 3330, 97
96, 3340, 97
97, 3350, 97
97, 3360, 98
97, 3370, 98
97, 3380, 98
97, 3390, 98
97, 3400, 98
97, 3410, 98
97, 3420, 98
97, 3430, 98
97, 3440, 98
97, 3450, 98
97, 3460, 97
97, 3470, 97
97, 3480, 97
97, 3490, 97
97, 3500, 97
97, 3510, 97
97, 3520, 97
97, 3530, 97
97, 3540, 97
97, 3550, 97
97, 3560, 97
97, 3570, 97
97, 3580, 97
97, 3590, 97
97, 3600, 97
97, 3610, 97
97, 3620, 97
102, 3630, 97
103, 3640, 102
103, 3650, 103
103, 3660, 103
103, 3670, 103
103, 3680, 103
103, 3690, 103
103, 3700, 103
103, 3710, 103
103, 3720, 103
103, 3730, 103
103, 3740, 103
103, 3750, 103
103, 3760, 103
103, 3770, 103
103, 3780, 103
103, 3790, 103
103, 3800, 103
103, 3810, 103
103, 3820, 103
103, 3830, 103
103, 3840, 103
103, 3850, 103
103, 3860, 103
103, 3870, 103
103, 3880, 103
103, 3890, 103
103, 3900, 103
103, 3910, 103
103, 3920, 103
103, 3930, 103
103, 3940, 103
103, 3950, 103
103, 3960, 103
103, 3970, 103
103, 3980, 103
103, 3990, 103
103, 4000, 103
103, 4010, 103
103, 4020, 103
103, 4030, 103
103, 4040, 103
103, 4050, 103
103, 4060, 103
104, 4070, 103
0, 0, 0
1, 10, 0
1, 20, 94
1, 30, 94
1, 40, 91
9, 50, 92
14, 60, 81
24, 70, 90
27, 80, 107
27, 90, 109
28, 100, 112
28, 110, 108
28, 120, 112
28, 130, 103
30, 140, 100
33, 150, 60
34, 160, 63
41, 170, 58
44, 180, 65
44, 190, 79
44, 200, 69
44, 210, 68
45, 220, 66
45, 230, 65
45, 240, 69
45, 250, 69
45, 260, 61
45, 270, 63
45, 280, 62
45, 290, 60
45, 300, 62
45, 310, 60
45, 320, 59
45, 330, 59
46, 340, 60
48, 350, 58
50, 360, 58
50, 370, 58
50, 380, 62
50, 390, 61
52, 400, 57
52, 410, 65
52, 420, 59
52, 430, 59
52, 440, 59
53, 450, 59
53, 460, 61
55, 470, 59
59, 480, 61
59, 490, 67
59, 500, 65
59, 510, 65
59, 520, 65
59, 530, 64
59, 540, 65
59, 550, 64
61, 560, 64
61, 570, 68
61, 580, 67
61, 590, 66
61, 600, 66
62, 610, 67
62, 620, 67
62, 630, 67
62, 640, 67
62, 650, 68
63, 660, 68
64, 670, 67
64, 680, 69
64, 690, 68
64, 700, 68
65, 710, 68
65, 720, 70
65, 730, 69
65, 740, 68
65, 750, 69
65, 760, 68
65, 770, 68
65, 780, 68
65, 790, 67
65, 800, 67
66, 810, 67
66, 820, 68
66, 830, 68
66, 840, 69
67, 850, 68
67, 860, 70
67, 870, 69
67, 880, 69
67, 890, 69
67, 900, 69
67, 910, 70
67, 920, 69
67, 930, 69
67, 940, 69
67, 950, 68
67, 960, 69
67, 970, 69
67, 980, 68
67, 990, 69
67, 1000, 69
67, 1010, 68
67, 1020, 68
67, 1030, 69
67, 1040, 68
67, 1050, 69
67, 1060, 68
67, 1070, 68
67, 1080, 68
67, 1090, 68
67, 1100, 68
67, 1110, 68
67, 1120, 68
67, 1130, 68
67, 1140, 68
67, 1150, 68
68, 1160, 68
68, 1170, 69
69, 1180, 69
69, 1190, 70
70, 1200, 70
72, 1210, 71
72, 1220, 73
73, 1230, 73
73, 1240, 74
73, 1250, 74
73, 1260, 74
74, 1270, 74
74, 1280, 75
74, 1290, 75
74, 1300, 75
74, 1310, 75
74, 1320, 74
74, 1330, 75
74, 1340, 75
74, 1350, 75
74, 1360, 75
74, 1370, 74
74, 1380, 74
74, 1390, 75
74, 1400, 75
74, 1410, 75
74, 1420, 74
74, 1430, 75
74, 1440, 74
74, 1450, 74
74, 1460, 74
74, 1470, 75
74, 1480, 74
74, 1490, 74
74, 1500, 74
74, 1510, 74
74, 1520, 74
74, 1530, 74
74, 1540, 74
74, 1550, 74
74, 1560, 74
74, 1570, 74
74, 1580, 74
74, 1590, 74
74, 1600, 74
74, 1610, 74
74, 1620, 74
74, 1630, 74
76, 1640, 74
76, 1650, 76
76, 1660, 76
76, 1670, 76
76, 1680, 76
76, 1690, 76
76, 1700, 76
76, 1710, 76
76, 1720, 76
76, 1730, 76
76, 1740, 76
77, 1750, 76
78, 1760, 77
78, 1770, 78
78, 1780, 78
78, 1790, 78
78, 1800, 78
78, 1810, 78
78, 1820, 78
78, 1830, 78
78, 1840, 78
78, 1850, 78
78, 1860, 78
78, 1870, 78
78, 1880, 78
78, 1890, 78
78, 1900, 78
78, 1910, 78
78, 1920, 78
78, 1930, 78
78, 1940, 78
78, 1950, 78
79, 1960, 78
82, 1970, 79
82, 1980, 82
86, 1990, 82
86, 2000, 86
86, 2010, 86
86, 2020, 86
86, 2030, 86
86, 2040, 86
86, 2050, 86
86, 2060, 86
86, 2070, 86
86, 2080, 86
86, 2090, 86
86, 2100, 86
86, 2110, 86
86, 2120, 86
86, 2130, 86
86, 2140, 86
86, 2150, 86
86, 2160, 86
86, 2170, 86
86, 2180, 86
87, 2190, 86
87, 2200, 87
87, 2210, 87
87, 2220, 87
87, 2230, 87
87, 2240, 87
89, 2250, 87
90, 2260, 89
90, 2270, 90
90, 2280, 90
90, 2290, 90
90, 2300, 90
90, 2310, 90
90, 2320, 90
90, 2330, 90
90, 2340, 90
90, 2350, 90
90, 2360, 90
90, 2370, 90
90, 2380, 90
91, 2390, 90
92, 2400, 91
92, 2410, 92
92, 2420, 92
93, 2430, 92
93, 2440, 93
93, 2450, 93
93, 2460, 93
93, 2470, 93
93, 2480, 93
93, 2490, 93
93, 2500, 93
93, 2510, 93
93, 2520, 93
93, 2530, 93
93, 2540, 93
93, 2550, 93
93, 2560, 93
93, 2570, 93
93, 2580, 93
93, 2590, 93
93, 2600, 93
93, 2610, 93
93, 2620, 93
93, 2630, 93
93, 2640, 93
93, 2650, 93
93, 2660, 93
93, 2670, 93
93, 2680, 93
93, 2690, 93
93, 2700, 93
94, 2710, 93
94, 2720, 94
94, 2730, 94
94, 2740, 94
94, 2750, 94
94, 2760, 94
94, 2770, 94
94, 2780, 94
94, 2790, 94
94, 2800, 94
94, 2810, 94
94, 2820, 94
94, 2830, 94
94, 2840, 94
94, 2850, 94
95, 2860, 94
96, 2870, 95
96, 2880, 96
96, 2890, 96
96, 2900, 96
97, 2910, 96
98, 2920, 97
98, 2930, 98
98, 2940, 98
98, 2950, 98
98, 2960, 98
98, 2970, 98
98, 2980, 100
98, 2990, 99
98, 3000, 98
98, 3010, 99
98, 3020, 98
98, 3030, 98
98, 3040, 100
98, 3050, 101
98, 3060, 105
98, 3070, 103
98, 3080, 103
98, 3090, 101
98, 3100, 101
98, 3110, 101
98, 3120, 103
98, 3130, 100
99, 3140, 100
101, 3150, 102
102, 3160, 103
102, 3170, 105
102, 3180, 105
102, 3190, 105
102, 3200, 105
102, 3210, 104
102, 3220, 104
102, 3230, 104
102, 3240, 103
102, 3250, 103
102, 3260, 106
102, 3270, 106
102, 3280, 104
102, 3290, 104
103, 3300, 103
103, 3310, 104
104, 3320, 104

------------------------------------------------------------
Sender: LSF System <lsfadmin@n2e5-10>
Subject: Job 287946: </share/tjmenzie/zyu9/miniconda2/bin/python2.7 runner.py exp_HPC 4> in cluster <henry2> Done

Job </share/tjmenzie/zyu9/miniconda2/bin/python2.7 runner.py exp_HPC 4> was submitted from host <login01> by user <zyu9> in cluster <henry2> at Mon Mar 18 10:59:50 2019.
Job was executed on host(s) <2*n2e5-10>, in queue <single_chassis>, as user <zyu9> in cluster <henry2> at Mon Mar 18 10:59:57 2019.
</home/zyu9> was used as the home directory.
</home/zyu9/projects/Better-Est/src> was used as the working directory.
Started at Mon Mar 18 10:59:57 2019.
Terminated at Mon Mar 18 14:51:09 2019.
Results reported at Mon Mar 18 14:51:09 2019.

Your job looked like:

------------------------------------------------------------
# LSBATCH: User input
/share/tjmenzie/zyu9/miniconda2/bin/python2.7 runner.py exp_HPC 4
------------------------------------------------------------

Successfully completed.

Resource usage summary:

    CPU time :                                   14285.93 sec.
    Max Memory :                                 405.22 MB
    Average Memory :                             168.09 MB
    Total Requested Memory :                     -
    Delta Memory :                               -
    Max Swap :                                   1459 MB
    Max Processes :                              3
    Max Threads :                                11
    Run time :                                   13881 sec.
    Turnaround time :                            13879 sec.

The output (if any) is above this job summary.



PS:

Read file <./err/4.err.287946> for stderr output of this job.

