0, 0, 118
0, 10, 118
0, 20, 116
0, 30, 115
0, 40, 113
0, 50, 111
0, 60, 110
0, 70, 108
0, 80, 106
0, 90, 104
0, 100, 102
0, 110, 99
0, 120, 97
0, 130, 95
0, 140, 93
0, 150, 91
0, 160, 90
0, 170, 88
0, 180, 86
0, 190, 84
0, 200, 83
0, 210, 81
0, 220, 79
0, 230, 77
3, 240, 75
9, 250, 76
10, 260, 79
14, 270, 77
14, 280, 79
18, 290, 77
22, 300, 79
29, 310, 80
32, 320, 84
38, 330, 84
40, 340, 87
44, 350, 86
48, 360, 88
56, 370, 88
57, 380, 93
57, 390, 92
57, 400, 92
57, 410, 92
57, 420, 92
57, 430, 92
57, 440, 92
57, 450, 92
57, 460, 92
57, 470, 92
57, 480, 92
57, 490, 91
57, 500, 91
57, 510, 91
57, 520, 91
57, 530, 91
57, 540, 91
57, 550, 91
57, 560, 91
57, 570, 91
57, 580, 91
57, 590, 90
57, 600, 90
57, 610, 90
57, 620, 90
57, 630, 90
57, 640, 90
57, 650, 90
57, 660, 90
57, 670, 90
57, 680, 90
57, 690, 89
57, 700, 89
57, 710, 89
57, 720, 89
57, 730, 89
57, 740, 89
57, 750, 89
57, 760, 89
57, 770, 89
57, 780, 89
57, 790, 89
57, 800, 89
57, 810, 89
57, 820, 88
57, 830, 88
57, 840, 88
57, 850, 88
57, 860, 88
57, 870, 88
57, 880, 88
57, 890, 88
57, 900, 87
57, 910, 87
57, 920, 87
57, 930, 87
57, 940, 87
57, 950, 87
57, 960, 87
57, 970, 86
57, 980, 86
57, 990, 86
57, 1000, 86
57, 1010, 86
57, 1020, 86
57, 1030, 86
57, 1040, 86
57, 1050, 86
57, 1060, 86
57, 1070, 85
57, 1080, 85
57, 1090, 85
57, 1100, 85
57, 1110, 85
57, 1120, 85
57, 1130, 85
57, 1140, 85
57, 1150, 85
57, 1160, 85
57, 1170, 85
57, 1180, 84
57, 1190, 84
57, 1200, 84
57, 1210, 84
57, 1220, 84
57, 1230, 84
57, 1240, 84
57, 1250, 84
57, 1260, 84
57, 1270, 84
57, 1280, 84
57, 1290, 83
57, 1300, 83
57, 1310, 83
57, 1320, 83
57, 1330, 83
57, 1340, 83
57, 1350, 83
57, 1360, 83
57, 1370, 82
57, 1380, 82
57, 1390, 82
57, 1400, 82
57, 1410, 82
57, 1420, 82
57, 1430, 82
57, 1440, 82
57, 1450, 82
57, 1460, 81
57, 1470, 81
57, 1480, 81
57, 1490, 81
57, 1500, 81
57, 1510, 81
57, 1520, 81
57, 1530, 81
57, 1540, 81
57, 1550, 80
57, 1560, 80
57, 1570, 80
57, 1580, 80
57, 1590, 80
57, 1600, 80
57, 1610, 80
57, 1620, 80
57, 1630, 80
57, 1640, 80
57, 1650, 80
57, 1660, 80
57, 1670, 79
57, 1680, 79
57, 1690, 79
57, 1700, 79
57, 1710, 79
57, 1720, 79
57, 1730, 79
57, 1740, 79
57, 1750, 78
57, 1760, 78
57, 1770, 78
57, 1780, 78
57, 1790, 78
57, 1800, 78
57, 1810, 78
57, 1820, 78
57, 1830, 78
57, 1840, 78
57, 1850, 78
57, 1860, 77
57, 1870, 77
57, 1880, 77
57, 1890, 77
57, 1900, 77
57, 1910, 77
57, 1920, 77
57, 1930, 77
57, 1940, 77
57, 1950, 76
57, 1960, 76
57, 1970, 76
57, 1980, 76
57, 1990, 76
57, 2000, 76
57, 2010, 76
57, 2020, 76
57, 2030, 76
57, 2040, 76
57, 2050, 76
57, 2060, 76
57, 2070, 76
57, 2080, 76
57, 2090, 76
57, 2100, 76
57, 2110, 75
57, 2120, 75
57, 2130, 75
57, 2140, 75
57, 2150, 75
57, 2160, 75
57, 2170, 75
57, 2180, 75
57, 2190, 75
57, 2200, 75
57, 2210, 75
57, 2220, 75
57, 2230, 75
57, 2240, 75
57, 2250, 75
57, 2260, 75
57, 2270, 74
57, 2280, 74
57, 2290, 74
57, 2300, 74
57, 2310, 74
57, 2320, 74
57, 2330, 74
57, 2340, 74
57, 2350, 74
57, 2360, 74
57, 2370, 74
57, 2380, 74
57, 2390, 74
57, 2400, 74
57, 2410, 73
57, 2420, 73
57, 2430, 73
57, 2440, 73
57, 2450, 73
57, 2460, 73
57, 2470, 73
57, 2480, 73
57, 2490, 73
57, 2500, 73
57, 2510, 73
57, 2520, 73
57, 2530, 72
57, 2540, 72
57, 2550, 72
57, 2560, 72
57, 2570, 72
57, 2580, 72
57, 2590, 72
57, 2600, 72
57, 2610, 72
57, 2620, 71
57, 2630, 71
57, 2640, 71
57, 2650, 71
57, 2660, 71
57, 2670, 71
57, 2680, 71
57, 2690, 71
57, 2700, 71
57, 2710, 71
57, 2720, 71
57, 2730, 71
57, 2740, 71
57, 2750, 71
57, 2760, 71
57, 2770, 71
57, 2780, 70
57, 2790, 70
57, 2800, 70
57, 2810, 70
57, 2820, 70
57, 2830, 70
57, 2840, 70
57, 2850, 70
57, 2860, 70
57, 2870, 70
57, 2880, 70
57, 2890, 70
57, 2900, 70
57, 2910, 70
57, 2920, 70
57, 2930, 70
57, 2940, 70
57, 2950, 69
57, 2960, 69
57, 2970, 69
57, 2980, 69
57, 2990, 69
57, 3000, 69
57, 3010, 69
57, 3020, 69
57, 3030, 69
57, 3040, 69
57, 3050, 69
57, 3060, 69
57, 3070, 68
57, 3080, 68
57, 3090, 68
57, 3100, 68
57, 3110, 68
57, 3120, 68
57, 3130, 68
57, 3140, 68
57, 3150, 68
57, 3160, 68
57, 3170, 68
57, 3180, 68
57, 3190, 68
57, 3200, 68
57, 3210, 67
57, 3220, 67
57, 3230, 67
57, 3240, 67
57, 3250, 67
57, 3260, 67
57, 3270, 67
57, 3280, 67
57, 3290, 67
57, 3300, 67
57, 3310, 67
57, 3320, 67
57, 3330, 67
57, 3340, 67
57, 3350, 67
57, 3360, 67
57, 3370, 66
57, 3380, 66
57, 3390, 66
57, 3400, 66
57, 3410, 66
57, 3420, 66
57, 3430, 66
57, 3440, 66
57, 3450, 66
57, 3460, 66
57, 3470, 66
57, 3480, 66
57, 3490, 66
57, 3500, 65
57, 3510, 65
57, 3520, 65
57, 3530, 65
57, 3540, 65
57, 3550, 65
57, 3560, 65
57, 3570, 65
57, 3580, 65
57, 3590, 65
57, 3600, 65
57, 3610, 64
57, 3620, 64
57, 3630, 64
57, 3640, 64
57, 3650, 64
57, 3660, 64
57, 3670, 64
57, 3680, 64
57, 3690, 63
57, 3700, 63
57, 3710, 63
57, 3720, 63
57, 3730, 63
57, 3740, 63
57, 3750, 63
57, 3760, 63
57, 3770, 63
57, 3780, 63
57, 3790, 62
57, 3800, 62
57, 3810, 62
57, 3820, 62
57, 3830, 62
57, 3840, 62
57, 3850, 62
57, 3860, 62
57, 3870, 62
57, 3880, 62
57, 3890, 61
57, 3900, 61
57, 3910, 61
57, 3920, 61
57, 3930, 61
57, 3940, 61
57, 3950, 61
57, 3960, 61
57, 3970, 61
57, 3980, 60
57, 3990, 60
57, 4000, 60
57, 4010, 60
57, 4020, 60
57, 4030, 60
57, 4040, 60
57, 4050, 60
57, 4060, 60
57, 4070, 60
57, 4080, 60
57, 4090, 59
57, 4100, 59
57, 4110, 59
57, 4120, 59
57, 4130, 59
57, 4140, 59
57, 4150, 59
57, 4160, 59
57, 4170, 59
57, 4180, 59
57, 4190, 59
57, 4200, 59
57, 4210, 59
57, 4220, 59
57, 4230, 59
57, 4240, 58
58, 4250, 58
62, 4260, 59
71, 4270, 63
73, 4280, 72
75, 4290, 74
78, 4300, 76
81, 4310, 79
83, 4320, 82
86, 4330, 83
86, 4340, 86
90, 4350, 86
94, 4360, 90
102, 4370, 94
103, 4380, 102
104, 4390, 103
0, 0, 0
1, 10, 0
1, 20, 94
1, 30, 94
1, 40, 91
9, 50, 92
14, 60, 81
24, 70, 90
27, 80, 107
27, 90, 109
28, 100, 112
28, 110, 108
28, 120, 112
28, 130, 103
30, 140, 100
33, 150, 60
34, 160, 63
41, 170, 58
44, 180, 65
44, 190, 79
44, 200, 69
44, 210, 68
45, 220, 66
45, 230, 65
45, 240, 69
45, 250, 69
45, 260, 61
45, 270, 63
45, 280, 62
45, 290, 60
45, 300, 62
45, 310, 60
45, 320, 59
45, 330, 59
46, 340, 60
48, 350, 58
50, 360, 58
50, 370, 58
50, 380, 62
50, 390, 61
52, 400, 57
52, 410, 65
52, 420, 59
52, 430, 59
52, 440, 59
53, 450, 59
53, 460, 61
55, 470, 59
59, 480, 61
59, 490, 67
59, 500, 65
59, 510, 65
59, 520, 65
59, 530, 64
59, 540, 65
59, 550, 64
61, 560, 64
61, 570, 68
61, 580, 67
61, 590, 66
61, 600, 66
62, 610, 67
62, 620, 67
62, 630, 67
62, 640, 67
62, 650, 68
63, 660, 68
64, 670, 67
64, 680, 69
64, 690, 68
64, 700, 68
65, 710, 68
65, 720, 70
65, 730, 69
65, 740, 68
65, 750, 69
65, 760, 68
65, 770, 68
65, 780, 68
65, 790, 67
65, 800, 67
66, 810, 67
66, 820, 68
66, 830, 68
66, 840, 69
67, 850, 68
67, 860, 70
67, 870, 69
67, 880, 69
67, 890, 69
67, 900, 69
67, 910, 70
67, 920, 69
67, 930, 69
67, 940, 69
67, 950, 68
67, 960, 69
67, 970, 69
67, 980, 68
67, 990, 69
67, 1000, 69
67, 1010, 68
67, 1020, 68
67, 1030, 69
67, 1040, 68
67, 1050, 69
67, 1060, 68
67, 1070, 68
67, 1080, 68
67, 1090, 68
67, 1100, 68
67, 1110, 68
67, 1120, 68
67, 1130, 68
67, 1140, 68
67, 1150, 68
68, 1160, 68
68, 1170, 69
69, 1180, 69
69, 1190, 70
70, 1200, 70
72, 1210, 71
72, 1220, 73
73, 1230, 73
73, 1240, 74
73, 1250, 74
73, 1260, 74
74, 1270, 74
74, 1280, 75
74, 1290, 75
74, 1300, 75
74, 1310, 75
74, 1320, 74
74, 1330, 75
74, 1340, 75
74, 1350, 75
74, 1360, 75
74, 1370, 74
74, 1380, 74
74, 1390, 75
74, 1400, 75
74, 1410, 75
74, 1420, 74
74, 1430, 75
74, 1440, 74
74, 1450, 74
74, 1460, 74
74, 1470, 75
74, 1480, 74
74, 1490, 74
74, 1500, 74
74, 1510, 74
74, 1520, 74
74, 1530, 74
74, 1540, 74
74, 1550, 74
74, 1560, 74
74, 1570, 74
74, 1580, 74
74, 1590, 74
74, 1600, 74
74, 1610, 74
74, 1620, 74
74, 1630, 74
76, 1640, 74
76, 1650, 76
76, 1660, 76
76, 1670, 76
76, 1680, 76
76, 1690, 76
76, 1700, 76
76, 1710, 76
76, 1720, 76
76, 1730, 76
76, 1740, 76
77, 1750, 76
78, 1760, 77
78, 1770, 78
78, 1780, 78
78, 1790, 78
78, 1800, 78
78, 1810, 78
78, 1820, 78
78, 1830, 78
78, 1840, 78
78, 1850, 78
78, 1860, 78
78, 1870, 78
78, 1880, 78
78, 1890, 78
78, 1900, 78
78, 1910, 78
78, 1920, 78
78, 1930, 78
78, 1940, 78
78, 1950, 78
79, 1960, 78
82, 1970, 79
82, 1980, 82
86, 1990, 82
86, 2000, 86
86, 2010, 86
86, 2020, 86
86, 2030, 86
86, 2040, 86
86, 2050, 86
86, 2060, 86
86, 2070, 86
86, 2080, 86
86, 2090, 86
86, 2100, 86
86, 2110, 86
86, 2120, 86
86, 2130, 86
86, 2140, 86
86, 2150, 86
86, 2160, 86
86, 2170, 86
86, 2180, 86
87, 2190, 86
87, 2200, 87
87, 2210, 87
87, 2220, 87
87, 2230, 87
87, 2240, 87
89, 2250, 87
90, 2260, 89
90, 2270, 90
90, 2280, 90
90, 2290, 90
90, 2300, 90
90, 2310, 90
90, 2320, 90
90, 2330, 90
90, 2340, 90
90, 2350, 90
90, 2360, 90
90, 2370, 90
90, 2380, 90
91, 2390, 90
92, 2400, 91
92, 2410, 92
92, 2420, 92
93, 2430, 92
93, 2440, 93
93, 2450, 93
93, 2460, 93
93, 2470, 93
93, 2480, 93
93, 2490, 93
93, 2500, 93
93, 2510, 93
93, 2520, 93
93, 2530, 93
93, 2540, 93
93, 2550, 93
93, 2560, 93
93, 2570, 93
93, 2580, 93
93, 2590, 93
93, 2600, 93
93, 2610, 93
93, 2620, 93
93, 2630, 93
93, 2640, 93
93, 2650, 93
93, 2660, 93
93, 2670, 93
93, 2680, 93
93, 2690, 93
93, 2700, 93
94, 2710, 93
94, 2720, 94
94, 2730, 94
94, 2740, 94
94, 2750, 94
94, 2760, 94
94, 2770, 94
94, 2780, 94
94, 2790, 94
94, 2800, 94
94, 2810, 94
94, 2820, 94
94, 2830, 94
94, 2840, 94
94, 2850, 94
95, 2860, 94
96, 2870, 95
96, 2880, 96
96, 2890, 96
96, 2900, 96
97, 2910, 96
98, 2920, 97
98, 2930, 98
98, 2940, 98
98, 2950, 98
98, 2960, 98
98, 2970, 98
98, 2980, 100
98, 2990, 99
98, 3000, 98
98, 3010, 99
98, 3020, 98
98, 3030, 98
98, 3040, 100
98, 3050, 101
98, 3060, 105
98, 3070, 103
98, 3080, 103
98, 3090, 101
98, 3100, 101
98, 3110, 101
98, 3120, 103
98, 3130, 100
99, 3140, 100
101, 3150, 102
102, 3160, 103
102, 3170, 105
102, 3180, 105
102, 3190, 105
102, 3200, 105
102, 3210, 104
102, 3220, 104
102, 3230, 104
102, 3240, 103
102, 3250, 103
102, 3260, 106
102, 3270, 106
102, 3280, 104
102, 3290, 104
103, 3300, 103
103, 3310, 104
104, 3320, 104

------------------------------------------------------------
Sender: LSF System <lsfadmin@n2e2-5>
Subject: Job 248268: </share/tjmenzie/zyu9/miniconda2/bin/python2.7 runner.py exp_HPC 4> in cluster <henry2> Done

Job </share/tjmenzie/zyu9/miniconda2/bin/python2.7 runner.py exp_HPC 4> was submitted from host <login01> by user <zyu9> in cluster <henry2> at Sat Mar 16 09:20:05 2019.
Job was executed on host(s) <2*n2e2-5>, in queue <single_chassis>, as user <zyu9> in cluster <henry2> at Sat Mar 16 09:20:08 2019.
</home/zyu9> was used as the home directory.
</home/zyu9/projects/Better-Est/src> was used as the working directory.
Started at Sat Mar 16 09:20:08 2019.
Terminated at Sat Mar 16 13:29:03 2019.
Results reported at Sat Mar 16 13:29:03 2019.

Your job looked like:

------------------------------------------------------------
# LSBATCH: User input
/share/tjmenzie/zyu9/miniconda2/bin/python2.7 runner.py exp_HPC 4
------------------------------------------------------------

Successfully completed.

Resource usage summary:

    CPU time :                                   15423.58 sec.
    Max Memory :                                 403.37 MB
    Average Memory :                             165.92 MB
    Total Requested Memory :                     -
    Delta Memory :                               -
    Max Swap :                                   1459 MB
    Max Processes :                              3
    Max Threads :                                11
    Run time :                                   14947 sec.
    Turnaround time :                            14938 sec.

The output (if any) is above this job summary.



PS:

Read file <./err/4.err.248268> for stderr output of this job.

