0, 0, 250
7, 10, 250
16, 20, 253
24, 30, 257
32, 40, 261
41, 50, 265
48, 60, 270
58, 70, 274
66, 80, 279
73, 90, 283
79, 100, 286
86, 110, 287
91, 120, 290
97, 130, 291
103, 140, 293
109, 150, 296
119, 160, 299
128, 170, 304
136, 180, 309
142, 190, 313
149, 200, 316
153, 210, 319
159, 220, 319
166, 230, 322
171, 240, 325
178, 250, 327
184, 260, 330
194, 270, 332
202, 280, 338
211, 290, 342
219, 300, 346
226, 310, 350
236, 320, 353
241, 330, 359
249, 340, 361
257, 350, 364
265, 360, 367
271, 370, 371
280, 380, 374
287, 390, 380
296, 400, 383
305, 410, 388
308, 420, 392
313, 430, 392
317, 440, 393
323, 450, 394
325, 460, 397
331, 470, 394
333, 480, 395
341, 490, 395
347, 500, 399
354, 510, 401
362, 520, 404
370, 530, 409
374, 540, 412
380, 550, 413
383, 560, 415
390, 570, 415
395, 580, 418
395, 590, 420
395, 600, 420
395, 610, 420
395, 620, 420
395, 630, 420
395, 640, 420
395, 650, 420
395, 660, 420
395, 670, 420
395, 680, 419
395, 690, 419
395, 700, 419
395, 710, 419
395, 720, 419
395, 730, 419
395, 740, 419
395, 750, 419
395, 760, 418
395, 770, 418
395, 780, 418
395, 790, 418
395, 800, 418
395, 810, 418
395, 820, 418
395, 830, 418
395, 840, 418
395, 850, 418
395, 860, 418
395, 870, 418
395, 880, 417
395, 890, 417
395, 900, 417
395, 910, 417
395, 920, 417
395, 930, 417
395, 940, 417
395, 950, 417
395, 960, 417
395, 970, 417
395, 980, 416
395, 990, 416
395, 1000, 416
395, 1010, 416
395, 1020, 416
395, 1030, 416
395, 1040, 416
395, 1050, 416
395, 1060, 416
395, 1070, 416
395, 1080, 415
395, 1090, 415
395, 1100, 415
395, 1110, 415
395, 1120, 415
395, 1130, 414
395, 1140, 414
395, 1150, 414
395, 1160, 414
395, 1170, 414
395, 1180, 414
395, 1190, 414
395, 1200, 414
395, 1210, 414
395, 1220, 414
395, 1230, 414
395, 1240, 413
395, 1250, 413
395, 1260, 413
395, 1270, 413
395, 1280, 413
395, 1290, 413
395, 1300, 413
395, 1310, 413
395, 1320, 413
395, 1330, 412
395, 1340, 412
395, 1350, 412
395, 1360, 412
395, 1370, 412
395, 1380, 412
395, 1390, 412
395, 1400, 412
395, 1410, 412
395, 1420, 411
395, 1430, 411
395, 1440, 411
395, 1450, 411
395, 1460, 411
395, 1470, 411
395, 1480, 411
395, 1490, 411
395, 1500, 411
395, 1510, 410
395, 1520, 410
395, 1530, 410
395, 1540, 410
395, 1550, 410
395, 1560, 410
395, 1570, 410
395, 1580, 409
395, 1590, 409
395, 1600, 409
395, 1610, 409
395, 1620, 409
395, 1630, 409
395, 1640, 409
395, 1650, 409
395, 1660, 408
395, 1670, 408
395, 1680, 408
395, 1690, 408
395, 1700, 408
395, 1710, 408
395, 1720, 407
395, 1730, 407
395, 1740, 407
395, 1750, 407
395, 1760, 407
395, 1770, 407
395, 1780, 407
395, 1790, 407
395, 1800, 407
395, 1810, 406
395, 1820, 406
395, 1830, 406
395, 1840, 406
395, 1850, 406
395, 1860, 406
395, 1870, 406
395, 1880, 406
395, 1890, 405
395, 1900, 405
395, 1910, 405
395, 1920, 405
395, 1930, 405
395, 1940, 405
395, 1950, 405
395, 1960, 405
395, 1970, 405
395, 1980, 405
395, 1990, 404
395, 2000, 404
395, 2010, 404
395, 2020, 404
395, 2030, 404
395, 2040, 404
395, 2050, 404
395, 2060, 404
395, 2070, 404
395, 2080, 404
395, 2090, 404
395, 2100, 404
395, 2110, 403
395, 2120, 403
395, 2130, 403
395, 2140, 403
395, 2150, 403
395, 2160, 403
395, 2170, 403
395, 2180, 403
395, 2190, 403
395, 2200, 403
395, 2210, 403
395, 2220, 403
395, 2230, 403
395, 2240, 402
395, 2250, 402
395, 2260, 402
395, 2270, 402
395, 2280, 402
395, 2290, 402
395, 2300, 402
395, 2310, 402
395, 2320, 401
395, 2330, 401
395, 2340, 401
395, 2350, 401
395, 2360, 401
395, 2370, 401
395, 2380, 401
395, 2390, 401
395, 2400, 401
395, 2410, 401
395, 2420, 401
395, 2430, 400
395, 2440, 400
395, 2450, 400
395, 2460, 400
395, 2470, 400
395, 2480, 400
395, 2490, 400
395, 2500, 400
395, 2510, 400
395, 2520, 400
395, 2530, 400
395, 2540, 400
395, 2550, 399
395, 2560, 399
395, 2570, 399
395, 2580, 399
395, 2590, 399
395, 2600, 399
395, 2610, 399
395, 2620, 399
395, 2630, 399
395, 2640, 399
395, 2650, 399
395, 2660, 399
395, 2670, 399
395, 2680, 398
395, 2690, 398
395, 2700, 398
395, 2710, 398
396, 2720, 398
396, 2730, 399
397, 2740, 399
397, 2750, 400
401, 2760, 400
404, 2770, 404
408, 2780, 407
413, 2790, 410
416, 2800, 415
420, 2810, 418
424, 2820, 422
427, 2830, 426
431, 2840, 429
439, 2850, 432
441, 2860, 440
444, 2870, 442
447, 2880, 445
449, 2890, 448
451, 2900, 450
454, 2910, 451
455, 2920, 454
458, 2930, 455
464, 2940, 458
471, 2950, 464
471, 2960, 471
472, 2968, 471
0, 0, 0
3, 10, 0
10, 20, 61
14, 30, 65
24, 40, 72
33, 50, 72
42, 60, 89
51, 70, 115
61, 80, 129
71, 90, 163
81, 100, 165
91, 110, 184
101, 120, 189
111, 130, 216
120, 140, 230
130, 150, 248
138, 160, 258
148, 170, 269
158, 180, 280
168, 190, 297
178, 200, 310
187, 210, 334
197, 220, 350
206, 230, 359
216, 240, 372
226, 250, 376
236, 260, 399
246, 270, 420
256, 280, 432
266, 290, 456
276, 300, 465
285, 310, 490
294, 320, 498
304, 330, 511
314, 340, 528
323, 350, 545
328, 360, 556
328, 370, 569
331, 380, 568
332, 390, 567
334, 400, 567
335, 410, 565
335, 420, 563
338, 430, 559
340, 440, 565
341, 450, 560
341, 460, 560
342, 470, 552
346, 480, 550
352, 490, 572
356, 500, 566
358, 510, 575
362, 520, 573
366, 530, 579
368, 540, 579
370, 550, 567
377, 560, 566
381, 570, 573
381, 580, 571
383, 590, 563
383, 600, 562
384, 610, 557
385, 620, 548
389, 630, 545
389, 640, 536
389, 650, 535
392, 660, 521
393, 670, 520
397, 680, 512
398, 690, 512
398, 700, 497
398, 710, 492
398, 720, 486
399, 730, 482
399, 740, 475
402, 750, 469
403, 760, 473
407, 770, 466
409, 780, 464
409, 790, 464
412, 800, 456
412, 810, 454
412, 820, 453
414, 830, 447
414, 840, 446
414, 850, 442
414, 860, 441
414, 870, 441
414, 880, 440
414, 890, 439
414, 900, 439
417, 910, 441
419, 920, 443
419, 930, 444
419, 940, 443
419, 950, 444
419, 960, 444
419, 970, 444
419, 980, 444
419, 990, 446
419, 1000, 445
419, 1010, 443
419, 1020, 442
419, 1030, 442
419, 1040, 444
419, 1050, 446
419, 1060, 448
419, 1070, 449
419, 1080, 449
419, 1090, 447
420, 1100, 448
420, 1110, 451
422, 1120, 449
423, 1130, 452
425, 1140, 452
425, 1150, 453
425, 1160, 453
425, 1170, 453
425, 1180, 454
426, 1190, 453
427, 1200, 455
427, 1210, 456
427, 1220, 456
427, 1230, 455
427, 1240, 455
427, 1250, 453
427, 1260, 454
431, 1270, 454
435, 1280, 459
435, 1290, 463
437, 1300, 462
437, 1310, 463
438, 1320, 463
438, 1330, 463
438, 1340, 463
438, 1350, 464
439, 1360, 463
441, 1370, 464
442, 1380, 467
442, 1390, 467
442, 1400, 466
442, 1410, 465
442, 1420, 465
443, 1430, 464
445, 1440, 466
445, 1450, 468
445, 1460, 468
445, 1470, 468
446, 1480, 468
446, 1490, 469
446, 1500, 469
446, 1510, 468
446, 1520, 468
447, 1530, 468
447, 1540, 469
447, 1550, 469
447, 1560, 468
447, 1570, 468
447, 1580, 468
447, 1590, 468
447, 1600, 467
447, 1610, 467
448, 1620, 467
448, 1630, 468
448, 1640, 467
449, 1650, 467
449, 1660, 468
449, 1670, 468
450, 1680, 467
450, 1690, 468
450, 1700, 468
450, 1710, 467
451, 1720, 467
452, 1730, 468
452, 1740, 469
452, 1750, 469
452, 1760, 469
452, 1770, 468
452, 1780, 468
452, 1790, 468
454, 1800, 467
455, 1810, 470
456, 1820, 471
456, 1830, 471
456, 1840, 471
457, 1850, 471
457, 1860, 472
457, 1870, 471
458, 1880, 471
458, 1890, 473
458, 1900, 473
458, 1910, 472
458, 1920, 472
460, 1930, 471
460, 1940, 473
461, 1950, 473
461, 1960, 474
461, 1970, 474
462, 1980, 473
462, 1990, 474
462, 2000, 474
462, 2010, 474
462, 2020, 473
462, 2030, 473
463, 2040, 473
463, 2050, 474
463, 2060, 473
463, 2070, 474
463, 2080, 473
463, 2090, 473
463, 2100, 473
463, 2110, 473
464, 2120, 472
464, 2130, 473
464, 2140, 473
464, 2150, 473
464, 2160, 473
464, 2170, 473
464, 2180, 473
464, 2190, 473
464, 2200, 473
464, 2210, 472
464, 2220, 472
464, 2230, 472
464, 2240, 472
464, 2250, 472
464, 2260, 471
464, 2270, 471
464, 2280, 471
464, 2290, 471
464, 2300, 470
464, 2310, 470
464, 2320, 470
464, 2330, 470
464, 2340, 470
464, 2350, 469
464, 2360, 469
464, 2370, 469
464, 2380, 469
464, 2390, 468
464, 2400, 468
465, 2410, 468
465, 2420, 469
465, 2430, 469
465, 2440, 469
465, 2450, 469
465, 2460, 468
465, 2470, 468
465, 2480, 468
465, 2490, 468
465, 2500, 468
465, 2510, 468
465, 2520, 468
465, 2530, 468
465, 2540, 468
466, 2550, 468
466, 2560, 469
466, 2570, 469
466, 2580, 468
467, 2590, 468
467, 2600, 469
467, 2610, 469
467, 2620, 469
467, 2630, 469
467, 2640, 469
467, 2650, 468
467, 2660, 469
467, 2670, 469
467, 2680, 468
467, 2690, 468
467, 2700, 468
467, 2710, 468
467, 2720, 468
467, 2730, 468
468, 2740, 468
469, 2750, 469
469, 2760, 470
470, 2770, 470
470, 2780, 471
470, 2790, 470
470, 2800, 470
470, 2810, 470
470, 2820, 470
470, 2830, 470
470, 2840, 470
470, 2850, 470
470, 2860, 470
470, 2870, 470
470, 2880, 470
470, 2890, 470
470, 2900, 470
470, 2910, 470
471, 2920, 470
471, 2930, 471
472, 2940, 471

------------------------------------------------------------
Sender: LSF System <lsfadmin@n2c3-4>
Subject: Job 223320: </share/tjmenzie/zyu9/miniconda2/bin/python2.7 runner.py exp_HPC 5> in cluster <henry2> Done

Job </share/tjmenzie/zyu9/miniconda2/bin/python2.7 runner.py exp_HPC 5> was submitted from host <login01> by user <zyu9> in cluster <henry2> at Fri Mar 15 14:39:53 2019.
Job was executed on host(s) <2*n2c3-4>, in queue <single_chassis>, as user <zyu9> in cluster <henry2> at Fri Mar 15 14:39:59 2019.
</home/zyu9> was used as the home directory.
</home/zyu9/projects/Better-Est/src> was used as the working directory.
Started at Fri Mar 15 14:39:59 2019.
Terminated at Fri Mar 15 17:23:52 2019.
Results reported at Fri Mar 15 17:23:52 2019.

Your job looked like:

------------------------------------------------------------
# LSBATCH: User input
/share/tjmenzie/zyu9/miniconda2/bin/python2.7 runner.py exp_HPC 5
------------------------------------------------------------

Successfully completed.

Resource usage summary:

    CPU time :                                   10147.73 sec.
    Max Memory :                                 405.00 MB
    Average Memory :                             169.94 MB
    Total Requested Memory :                     -
    Delta Memory :                               -
    Max Swap :                                   1731 MB
    Max Processes :                              3
    Max Threads :                                15
    Run time :                                   9847 sec.
    Turnaround time :                            9839 sec.

The output (if any) is above this job summary.



PS:

Read file <./err/5.err.223320> for stderr output of this job.

