0, 0, 250
7, 10, 250
16, 20, 253
24, 30, 257
32, 40, 261
41, 50, 265
48, 60, 270
58, 70, 274
66, 80, 279
73, 90, 283
79, 100, 286
86, 110, 287
91, 120, 290
97, 130, 291
103, 140, 293
109, 150, 296
119, 160, 299
128, 170, 304
136, 180, 309
142, 190, 313
149, 200, 316
153, 210, 319
159, 220, 319
166, 230, 322
171, 240, 325
178, 250, 327
184, 260, 330
194, 270, 332
202, 280, 338
211, 290, 342
219, 300, 346
226, 310, 350
236, 320, 353
241, 330, 359
249, 340, 361
257, 350, 364
265, 360, 367
271, 370, 371
280, 380, 374
287, 390, 380
296, 400, 383
305, 410, 388
308, 420, 392
313, 430, 392
317, 440, 393
323, 450, 394
325, 460, 397
331, 470, 394
333, 480, 395
341, 490, 395
347, 500, 399
354, 510, 401
362, 520, 404
370, 530, 409
374, 540, 412
380, 550, 413
383, 560, 415
390, 570, 415
395, 580, 418
395, 590, 420
395, 600, 420
395, 610, 420
395, 620, 420
395, 630, 420
395, 640, 420
395, 650, 420
395, 660, 420
395, 670, 420
395, 680, 419
395, 690, 419
395, 700, 419
395, 710, 419
395, 720, 419
395, 730, 419
395, 740, 419
395, 750, 419
395, 760, 418
395, 770, 418
395, 780, 418
395, 790, 418
395, 800, 418
395, 810, 418
395, 820, 418
395, 830, 418
395, 840, 418
395, 850, 418
395, 860, 418
395, 870, 418
395, 880, 417
395, 890, 417
395, 900, 417
395, 910, 417
395, 920, 417
395, 930, 417
395, 940, 417
395, 950, 417
395, 960, 417
395, 970, 417
395, 980, 416
395, 990, 416
395, 1000, 416
395, 1010, 416
395, 1020, 416
395, 1030, 416
395, 1040, 416
395, 1050, 416
395, 1060, 416
395, 1070, 416
395, 1080, 415
395, 1090, 415
395, 1100, 415
395, 1110, 415
395, 1120, 415
395, 1130, 414
395, 1140, 414
395, 1150, 414
395, 1160, 414
395, 1170, 414
395, 1180, 414
395, 1190, 414
395, 1200, 414
395, 1210, 414
395, 1220, 414
395, 1230, 414
395, 1240, 413
395, 1250, 413
395, 1260, 413
395, 1270, 413
395, 1280, 413
395, 1290, 413
395, 1300, 413
395, 1310, 413
395, 1320, 413
395, 1330, 412
395, 1340, 412
395, 1350, 412
395, 1360, 412
395, 1370, 412
395, 1380, 412
395, 1390, 412
395, 1400, 412
395, 1410, 412
395, 1420, 411
395, 1430, 411
395, 1440, 411
395, 1450, 411
395, 1460, 411
395, 1470, 411
395, 1480, 411
395, 1490, 411
395, 1500, 411
395, 1510, 410
395, 1520, 410
395, 1530, 410
395, 1540, 410
395, 1550, 410
395, 1560, 410
395, 1570, 410
395, 1580, 409
395, 1590, 409
395, 1600, 409
395, 1610, 409
395, 1620, 409
395, 1630, 409
395, 1640, 409
395, 1650, 409
395, 1660, 408
395, 1670, 408
395, 1680, 408
395, 1690, 408
395, 1700, 408
395, 1710, 408
395, 1720, 407
395, 1730, 407
395, 1740, 407
395, 1750, 407
395, 1760, 407
395, 1770, 407
395, 1780, 407
395, 1790, 407
395, 1800, 407
395, 1810, 406
395, 1820, 406
395, 1830, 406
395, 1840, 406
395, 1850, 406
395, 1860, 406
395, 1870, 406
395, 1880, 406
395, 1890, 405
395, 1900, 405
395, 1910, 405
395, 1920, 405
395, 1930, 405
395, 1940, 405
395, 1950, 405
395, 1960, 405
395, 1970, 405
395, 1980, 405
395, 1990, 404
395, 2000, 404
395, 2010, 404
395, 2020, 404
395, 2030, 404
395, 2040, 404
395, 2050, 404
395, 2060, 404
395, 2070, 404
395, 2080, 404
395, 2090, 404
395, 2100, 404
395, 2110, 403
395, 2120, 403
395, 2130, 403
395, 2140, 403
395, 2150, 403
395, 2160, 403
395, 2170, 403
395, 2180, 403
395, 2190, 403
395, 2200, 403
395, 2210, 403
395, 2220, 403
395, 2230, 403
395, 2240, 402
395, 2250, 402
395, 2260, 402
395, 2270, 402
395, 2280, 402
395, 2290, 402
395, 2300, 402
395, 2310, 402
395, 2320, 401
395, 2330, 401
395, 2340, 401
395, 2350, 401
395, 2360, 401
395, 2370, 401
395, 2380, 401
395, 2390, 401
395, 2400, 401
395, 2410, 401
395, 2420, 401
395, 2430, 400
395, 2440, 400
395, 2450, 400
395, 2460, 400
395, 2470, 400
395, 2480, 400
395, 2490, 400
395, 2500, 400
395, 2510, 400
395, 2520, 400
395, 2530, 400
395, 2540, 400
395, 2550, 399
395, 2560, 399
395, 2570, 399
395, 2580, 399
395, 2590, 399
395, 2600, 399
395, 2610, 399
395, 2620, 399
395, 2630, 399
395, 2640, 399
395, 2650, 399
395, 2660, 399
395, 2670, 399
395, 2680, 398
395, 2690, 398
395, 2700, 398
395, 2710, 398
396, 2720, 398
396, 2730, 399
397, 2740, 399
397, 2750, 400
401, 2760, 400
0, 0, 250
7, 10, 250
16, 20, 253
24, 30, 257
32, 40, 261
41, 50, 265
48, 60, 270
58, 70, 274
66, 80, 279
73, 90, 283
79, 100, 286
86, 110, 287
91, 120, 290
97, 130, 291
103, 140, 293
109, 150, 296
119, 160, 299
128, 170, 304
136, 180, 309
142, 190, 313
149, 200, 316
153, 210, 319
159, 220, 319
166, 230, 322
171, 240, 325
178, 250, 327
184, 260, 330
194, 270, 332
202, 280, 338
211, 290, 342
219, 300, 346
226, 310, 350
236, 320, 353
241, 330, 359
249, 340, 361
257, 350, 364
265, 360, 367
271, 370, 371
280, 380, 374
287, 390, 380
296, 400, 383
305, 410, 388
308, 420, 392
313, 430, 392
317, 440, 393
323, 450, 394
325, 460, 397
331, 470, 394
333, 480, 395
341, 490, 395
347, 500, 399
354, 510, 401
362, 520, 404
370, 530, 409
374, 540, 412
380, 550, 413
383, 560, 415
390, 570, 415
395, 580, 418
395, 590, 420
395, 600, 420
395, 610, 420
395, 620, 420
395, 630, 420
395, 640, 420
395, 650, 420
395, 660, 420
395, 670, 420
395, 680, 419
395, 690, 419
395, 700, 419
395, 710, 419
395, 720, 419
395, 730, 419
395, 740, 419
395, 750, 419
395, 760, 418
395, 770, 418
395, 780, 418
395, 790, 418
395, 800, 418
395, 810, 418
395, 820, 418
395, 830, 418
395, 840, 418
395, 850, 418
395, 860, 418
395, 870, 418
395, 880, 417
395, 890, 417
395, 900, 417
395, 910, 417
395, 920, 417
395, 930, 417
395, 940, 417
395, 950, 417
395, 960, 417
395, 970, 417
395, 980, 416
395, 990, 416
395, 1000, 416
395, 1010, 416
395, 1020, 416
395, 1030, 416
395, 1040, 416
395, 1050, 416
395, 1060, 416
395, 1070, 416
395, 1080, 415
395, 1090, 415
395, 1100, 415
395, 1110, 415
395, 1120, 415
395, 1130, 414
395, 1140, 414
395, 1150, 414
395, 1160, 414
395, 1170, 414
395, 1180, 414
395, 1190, 414
395, 1200, 414
395, 1210, 414
395, 1220, 414
395, 1230, 414
395, 1240, 413
395, 1250, 413
395, 1260, 413
395, 1270, 413
395, 1280, 413
395, 1290, 413
395, 1300, 413
395, 1310, 413
395, 1320, 413
395, 1330, 412
395, 1340, 412
395, 1350, 412
395, 1360, 412
395, 1370, 412
395, 1380, 412
395, 1390, 412
395, 1400, 412
395, 1410, 412
395, 1420, 411
395, 1430, 411
395, 1440, 411
395, 1450, 411
395, 1460, 411
395, 1470, 411
395, 1480, 411
395, 1490, 411
395, 1500, 411
395, 1510, 410
395, 1520, 410
395, 1530, 410
395, 1540, 410
395, 1550, 410
395, 1560, 410
395, 1570, 410
395, 1580, 409
395, 1590, 409
395, 1600, 409
395, 1610, 409
395, 1620, 409
395, 1630, 409
395, 1640, 409
395, 1650, 409
395, 1660, 408
395, 1670, 408
395, 1680, 408
395, 1690, 408
395, 1700, 408
395, 1710, 408
395, 1720, 407
395, 1730, 407
395, 1740, 407
395, 1750, 407
395, 1760, 407
395, 1770, 407
395, 1780, 407
395, 1790, 407
395, 1800, 407
395, 1810, 406
395, 1820, 406
395, 1830, 406
395, 1840, 406
395, 1850, 406
395, 1860, 406
395, 1870, 406
395, 1880, 406
395, 1890, 405
395, 1900, 405
395, 1910, 405
395, 1920, 405
395, 1930, 405
395, 1940, 405
395, 1950, 405
395, 1960, 405
395, 1970, 405
395, 1980, 405
395, 1990, 404
395, 2000, 404
395, 2010, 404
395, 2020, 404
395, 2030, 404
395, 2040, 404
395, 2050, 404
395, 2060, 404
395, 2070, 404
395, 2080, 404
395, 2090, 404
395, 2100, 404
395, 2110, 403
395, 2120, 403
395, 2130, 403
395, 2140, 403
395, 2150, 403
395, 2160, 403
395, 2170, 403
395, 2180, 403
395, 2190, 403
395, 2200, 403
395, 2210, 403
395, 2220, 403
395, 2230, 403
395, 2240, 402
395, 2250, 402
395, 2260, 402
395, 2270, 402
395, 2280, 402
395, 2290, 402
395, 2300, 402
395, 2310, 402
395, 2320, 401
395, 2330, 401
395, 2340, 401
395, 2350, 401
395, 2360, 401
395, 2370, 401
395, 2380, 401
395, 2390, 401
395, 2400, 401
395, 2410, 401
395, 2420, 401
395, 2430, 400
395, 2440, 400
395, 2450, 400
395, 2460, 400
395, 2470, 400
395, 2480, 400
395, 2490, 400
395, 2500, 400
395, 2510, 400
395, 2520, 400
395, 2530, 400
395, 2540, 400
395, 2550, 399
395, 2560, 399
395, 2570, 399
395, 2580, 399
395, 2590, 399
395, 2600, 399
395, 2610, 399
395, 2620, 399
395, 2630, 399
395, 2640, 399
395, 2650, 399
395, 2660, 399
395, 2670, 399
395, 2680, 398
395, 2690, 398
395, 2700, 398
395, 2710, 398
396, 2720, 398
396, 2730, 399
397, 2740, 399
397, 2750, 400
401, 2760, 400

------------------------------------------------------------
Sender: LSF System <lsfadmin@n2e2-6>
Subject: Job 143908: </share/tjmenzie/zyu9/miniconda2/bin/python2.7 runner.py exp_HPC 5> in cluster <henry2> Done

Job </share/tjmenzie/zyu9/miniconda2/bin/python2.7 runner.py exp_HPC 5> was submitted from host <login01> by user <zyu9> in cluster <henry2> at Fri Mar  8 09:36:27 2019.
Job was executed on host(s) <1*n2e2-6>, in queue <single_chassis>, as user <zyu9> in cluster <henry2> at Fri Mar  8 09:36:36 2019.
                            <1*n2e2-3>
</home/zyu9> was used as the home directory.
</home/zyu9/projects/Better-Est/src> was used as the working directory.
Started at Fri Mar  8 09:36:36 2019.
Terminated at Fri Mar  8 14:14:35 2019.
Results reported at Fri Mar  8 14:14:35 2019.

Your job looked like:

------------------------------------------------------------
# LSBATCH: User input
/share/tjmenzie/zyu9/miniconda2/bin/python2.7 runner.py exp_HPC 5
------------------------------------------------------------

Successfully completed.

Resource usage summary:

    CPU time :                                   17308.53 sec.
    Max Memory :                                 425.00 MB
    Average Memory :                             177.74 MB
    Total Requested Memory :                     -
    Delta Memory :                               -
    Max Swap :                                   1478 MB
    Max Processes :                              3
    Max Threads :                                11
    Run time :                                   16687 sec.
    Turnaround time :                            16688 sec.

The output (if any) is above this job summary.



PS:

Read file <./err/5.err.143908> for stderr output of this job.

