0, 0, 250
7, 10, 250
16, 20, 253
24, 30, 257
32, 40, 261
41, 50, 265
48, 60, 270
58, 70, 274
66, 80, 279
73, 90, 283
79, 100, 286
86, 110, 287
91, 120, 290
97, 130, 291
103, 140, 293
109, 150, 296
119, 160, 299
128, 170, 304
136, 180, 309
142, 190, 313
149, 200, 316
153, 210, 319
159, 220, 319
166, 230, 322
171, 240, 325
178, 250, 327
184, 260, 330
194, 270, 332
202, 280, 338
211, 290, 342
219, 300, 346
226, 310, 350
236, 320, 353
241, 330, 359
249, 340, 361
257, 350, 364
265, 360, 367
271, 370, 371
280, 380, 374
287, 390, 380
296, 400, 383
305, 410, 388
308, 420, 392
313, 430, 392
317, 440, 393
323, 450, 394
325, 460, 397
331, 470, 394
333, 480, 395
341, 490, 395
347, 500, 399
354, 510, 401
362, 520, 404
370, 530, 409
374, 540, 412
380, 550, 413
383, 560, 415
390, 570, 415
395, 580, 418
395, 590, 420
395, 600, 420
395, 610, 420
395, 620, 420
395, 630, 420
395, 640, 420
395, 650, 420
395, 660, 420
395, 670, 420
395, 680, 419
395, 690, 419
395, 700, 419
395, 710, 419
395, 720, 419
395, 730, 419
395, 740, 419
395, 750, 419
395, 760, 418
395, 770, 418
395, 780, 418
395, 790, 418
395, 800, 418
395, 810, 418
395, 820, 418
395, 830, 418
395, 840, 418
395, 850, 418
395, 860, 418
395, 870, 418
395, 880, 417
395, 890, 417
395, 900, 417
395, 910, 417
395, 920, 417
395, 930, 417
395, 940, 417
395, 950, 417
395, 960, 417
395, 970, 417
395, 980, 416
395, 990, 416
395, 1000, 416
395, 1010, 416
395, 1020, 416
395, 1030, 416
395, 1040, 416
395, 1050, 416
395, 1060, 416
395, 1070, 416
395, 1080, 415
395, 1090, 415
395, 1100, 415
395, 1110, 415
395, 1120, 415
395, 1130, 414
395, 1140, 414
395, 1150, 414
395, 1160, 414
395, 1170, 414
395, 1180, 414
395, 1190, 414
395, 1200, 414
395, 1210, 414
395, 1220, 414
395, 1230, 414
395, 1240, 413
395, 1250, 413
395, 1260, 413
395, 1270, 413
395, 1280, 413
395, 1290, 413
395, 1300, 413
395, 1310, 413
395, 1320, 413
395, 1330, 412
395, 1340, 412
395, 1350, 412
395, 1360, 412
395, 1370, 412
395, 1380, 412
395, 1390, 412
395, 1400, 412
395, 1410, 412
395, 1420, 411
395, 1430, 411
395, 1440, 411
395, 1450, 411
395, 1460, 411
395, 1470, 411
395, 1480, 411
395, 1490, 411
395, 1500, 411
395, 1510, 410
395, 1520, 410
395, 1530, 410
395, 1540, 410
395, 1550, 410
395, 1560, 410
395, 1570, 410
395, 1580, 409
395, 1590, 409
395, 1600, 409
395, 1610, 409
395, 1620, 409
395, 1630, 409
395, 1640, 409
395, 1650, 409
395, 1660, 408
395, 1670, 408
395, 1680, 408
395, 1690, 408
395, 1700, 408
395, 1710, 408
395, 1720, 407
395, 1730, 407
395, 1740, 407
395, 1750, 407
395, 1760, 407
395, 1770, 407
395, 1780, 407
395, 1790, 407
395, 1800, 407
395, 1810, 406
395, 1820, 406
395, 1830, 406
395, 1840, 406
395, 1850, 406
395, 1860, 406
395, 1870, 406
395, 1880, 406
395, 1890, 405
395, 1900, 405
395, 1910, 405
395, 1920, 405
395, 1930, 405
395, 1940, 405
395, 1950, 405
395, 1960, 405
395, 1970, 405
395, 1980, 405
395, 1990, 404
395, 2000, 404
395, 2010, 404
395, 2020, 404
395, 2030, 404
395, 2040, 404
395, 2050, 404
395, 2060, 404
395, 2070, 404
395, 2080, 404
395, 2090, 404
395, 2100, 404
395, 2110, 403
395, 2120, 403
395, 2130, 403
395, 2140, 403
395, 2150, 403
395, 2160, 403
395, 2170, 403
395, 2180, 403
395, 2190, 403
395, 2200, 403
395, 2210, 403
395, 2220, 403
395, 2230, 403
395, 2240, 402
395, 2250, 402
395, 2260, 402
395, 2270, 402
395, 2280, 402
395, 2290, 402
395, 2300, 402
395, 2310, 402
395, 2320, 401
395, 2330, 401
395, 2340, 401
395, 2350, 401
395, 2360, 401
395, 2370, 401
395, 2380, 401
395, 2390, 401
395, 2400, 401
395, 2410, 401
395, 2420, 401
395, 2430, 400
395, 2440, 400
395, 2450, 400
395, 2460, 400
395, 2470, 400
395, 2480, 400
395, 2490, 400
395, 2500, 400
395, 2510, 400
395, 2520, 400
395, 2530, 400
395, 2540, 400
395, 2550, 399
395, 2560, 399
395, 2570, 399
395, 2580, 399
395, 2590, 399
395, 2600, 399
395, 2610, 399
395, 2620, 399
395, 2630, 399
395, 2640, 399
395, 2650, 399
395, 2660, 399
395, 2670, 399
395, 2680, 398
395, 2690, 398
395, 2700, 398
395, 2710, 398
396, 2720, 398
396, 2730, 399
397, 2740, 399
397, 2750, 400
401, 2760, 400
404, 2770, 404
408, 2780, 407
413, 2790, 410
416, 2800, 415
420, 2810, 418
424, 2820, 422
427, 2830, 426
431, 2840, 429
439, 2850, 432
441, 2860, 440
444, 2870, 442
447, 2880, 445
449, 2890, 448
451, 2900, 450
454, 2910, 451
455, 2920, 454
458, 2930, 455
464, 2940, 458
471, 2950, 464
471, 2960, 471
472, 2968, 471
0, 0, 0
3, 10, 0
10, 20, 61
14, 30, 65
24, 40, 72
33, 50, 72
42, 60, 89
51, 70, 115
61, 80, 130
71, 90, 157
81, 100, 168
91, 110, 198
101, 120, 218
111, 130, 226
120, 140, 254
128, 150, 266
138, 160, 271
148, 170, 287
158, 180, 308
168, 190, 322
178, 200, 338
187, 210, 352
197, 220, 370
206, 230, 386
216, 240, 395
226, 250, 417
236, 260, 420
245, 270, 446
255, 280, 462
265, 290, 476
274, 300, 493
284, 310, 503
293, 320, 524
302, 330, 548
312, 340, 560
322, 350, 575
327, 360, 593
330, 370, 583
330, 380, 585
332, 390, 578
335, 400, 572
335, 410, 550
337, 420, 538
339, 430, 537
342, 440, 526
342, 450, 515
344, 460, 518
344, 470, 496
345, 480, 488
348, 490, 482
348, 500, 484
349, 510, 473
353, 520, 463
355, 530, 468
356, 540, 461
358, 550, 461
360, 560, 457
360, 570, 452
362, 580, 441
363, 590, 433
365, 600, 432
366, 610, 431
367, 620, 433
369, 630, 431
370, 640, 428
374, 650, 431
378, 660, 434
379, 670, 427
382, 680, 424
386, 690, 424
389, 700, 426
389, 710, 432
390, 720, 428
393, 730, 425
394, 740, 424
396, 750, 428
396, 760, 429
401, 770, 429
402, 780, 434
404, 790, 432
405, 800, 431
405, 810, 434
405, 820, 431
411, 830, 431
411, 840, 434
412, 850, 434
413, 860, 435
415, 870, 436
417, 880, 435
418, 890, 436
419, 900, 437
419, 910, 437
419, 920, 439
419, 930, 437
419, 940, 434
420, 950, 433
422, 960, 435
422, 970, 435
423, 980, 433
423, 990, 435
423, 1000, 435
424, 1010, 434
424, 1020, 436
424, 1030, 435
424, 1040, 434
424, 1050, 435
424, 1060, 433
424, 1070, 433
424, 1080, 433
424, 1090, 433
425, 1100, 432
427, 1110, 433
427, 1120, 436
428, 1130, 435
428, 1140, 436
428, 1150, 435
428, 1160, 436
428, 1170, 435
428, 1180, 434
428, 1190, 434
429, 1200, 435
429, 1210, 435
430, 1220, 435
431, 1230, 436
431, 1240, 436
431, 1250, 436
431, 1260, 436
431, 1270, 436
432, 1280, 436
433, 1290, 436
434, 1300, 438
435, 1310, 439
435, 1320, 440
437, 1330, 440
438, 1340, 441
440, 1350, 442
441, 1360, 445
441, 1370, 446
442, 1380, 445
442, 1390, 446
442, 1400, 446
442, 1410, 446
442, 1420, 446
443, 1430, 445
443, 1440, 446
443, 1450, 446
443, 1460, 446
444, 1470, 446
444, 1480, 447
444, 1490, 447
444, 1500, 447
445, 1510, 447
446, 1520, 448
449, 1530, 449
450, 1540, 452
450, 1550, 453
450, 1560, 453
451, 1570, 453
452, 1580, 454
452, 1590, 455
453, 1600, 455
453, 1610, 456
453, 1620, 456
453, 1630, 456
453, 1640, 455
453, 1650, 455
453, 1660, 455
453, 1670, 455
453, 1680, 455
454, 1690, 455
454, 1700, 456
454, 1710, 456
454, 1720, 456
454, 1730, 456
454, 1740, 456
455, 1750, 456
456, 1760, 457
456, 1770, 458
456, 1780, 458
456, 1790, 459
456, 1800, 458
456, 1810, 459
456, 1820, 459
456, 1830, 459
456, 1840, 460
456, 1850, 460
456, 1860, 460
456, 1870, 460
457, 1880, 460
458, 1890, 461
459, 1900, 462
459, 1910, 464
459, 1920, 463
460, 1930, 464
460, 1940, 464
460, 1950, 464
462, 1960, 464
462, 1970, 466
462, 1980, 466
462, 1990, 466
462, 2000, 466
462, 2010, 465
462, 2020, 465
462, 2030, 465
462, 2040, 465
462, 2050, 465
462, 2060, 465
462, 2070, 465
462, 2080, 466
462, 2090, 466
462, 2100, 466
462, 2110, 466
462, 2120, 466
462, 2130, 466
462, 2140, 467
462, 2150, 467
462, 2160, 467
462, 2170, 466
462, 2180, 467
462, 2190, 466
462, 2200, 466
462, 2210, 467
462, 2220, 467
462, 2230, 467
462, 2240, 467
462, 2250, 467
462, 2260, 468
462, 2270, 468
462, 2280, 468
462, 2290, 467
462, 2300, 468
462, 2310, 467
462, 2320, 467
462, 2330, 467
462, 2340, 467
463, 2350, 467
463, 2360, 468
464, 2370, 468
464, 2380, 470
464, 2390, 469
464, 2400, 469
464, 2410, 469
464, 2420, 469
464, 2430, 469
464, 2440, 469
465, 2450, 469
465, 2460, 470
465, 2470, 470
465, 2480, 470
465, 2490, 469
465, 2500, 469
465, 2510, 469
465, 2520, 469
465, 2530, 469
465, 2540, 469
465, 2550, 469
465, 2560, 469
465, 2570, 468
465, 2580, 468
465, 2590, 468
466, 2600, 468
467, 2610, 469
468, 2620, 469
469, 2630, 470
470, 2640, 471
470, 2650, 472
470, 2660, 472
471, 2670, 472
471, 2680, 473
471, 2690, 473
471, 2700, 473
471, 2710, 473
471, 2720, 472
471, 2730, 472
471, 2740, 472
471, 2750, 472
471, 2760, 472
471, 2770, 472
471, 2780, 472
471, 2790, 472
471, 2800, 472
471, 2810, 472
471, 2820, 472
471, 2830, 471
471, 2840, 471
471, 2850, 471
471, 2860, 471
471, 2870, 471
471, 2880, 471
471, 2890, 471
471, 2900, 471
471, 2910, 471
471, 2920, 471
472, 2930, 471

------------------------------------------------------------
Sender: LSF System <lsfadmin@n2e2-13>
Subject: Job 248269: </share/tjmenzie/zyu9/miniconda2/bin/python2.7 runner.py exp_HPC 5> in cluster <henry2> Done

Job </share/tjmenzie/zyu9/miniconda2/bin/python2.7 runner.py exp_HPC 5> was submitted from host <login01> by user <zyu9> in cluster <henry2> at Sat Mar 16 09:20:05 2019.
Job was executed on host(s) <2*n2e2-13>, in queue <single_chassis>, as user <zyu9> in cluster <henry2> at Sat Mar 16 09:20:08 2019.
</home/zyu9> was used as the home directory.
</home/zyu9/projects/Better-Est/src> was used as the working directory.
Started at Sat Mar 16 09:20:08 2019.
Terminated at Sat Mar 16 12:09:11 2019.
Results reported at Sat Mar 16 12:09:11 2019.

Your job looked like:

------------------------------------------------------------
# LSBATCH: User input
/share/tjmenzie/zyu9/miniconda2/bin/python2.7 runner.py exp_HPC 5
------------------------------------------------------------

Successfully completed.

Resource usage summary:

    CPU time :                                   10313.78 sec.
    Max Memory :                                 405.32 MB
    Average Memory :                             184.66 MB
    Total Requested Memory :                     -
    Delta Memory :                               -
    Max Swap :                                   1460 MB
    Max Processes :                              3
    Max Threads :                                11
    Run time :                                   10147 sec.
    Turnaround time :                            10146 sec.

The output (if any) is above this job summary.



PS:

Read file <./err/5.err.248269> for stderr output of this job.

