0, 0, 250
10, 10, 250
14, 20, 255
22, 30, 254
32, 40, 257
42, 50, 262
52, 60, 266
62, 70, 271
72, 80, 277
81, 90, 282
91, 100, 286
100, 110, 291
109, 120, 295
119, 130, 299
129, 140, 305
139, 150, 310
149, 160, 315
159, 170, 320
169, 180, 325
178, 190, 330
188, 200, 334
196, 210, 339
205, 220, 342
213, 230, 346
222, 240, 349
229, 250, 353
239, 260, 355
249, 270, 360
256, 280, 365
266, 290, 367
275, 300, 373
284, 310, 377
291, 320, 381
300, 330, 383
306, 340, 387
310, 350, 388
317, 360, 387
321, 370, 389
329, 380, 388
336, 390, 392
340, 400, 395
345, 410, 396
351, 420, 398
354, 430, 401
360, 440, 401
365, 450, 405
368, 460, 407
376, 470, 408
377, 480, 414
380, 490, 414
383, 500, 415
388, 510, 417
389, 520, 420
390, 530, 420
391, 540, 420
393, 550, 420
394, 560, 421
395, 570, 421
396, 580, 421
396, 590, 421
397, 600, 420
399, 610, 420
402, 620, 422
403, 630, 424
407, 640, 424
408, 650, 427
410, 660, 428
411, 670, 429
411, 680, 430
412, 690, 429
414, 700, 430
415, 710, 431
415, 720, 432
416, 730, 431
416, 740, 432
419, 750, 431
419, 760, 434
420, 770, 433
423, 780, 434
424, 790, 437
424, 800, 437
424, 810, 437
425, 820, 437
425, 830, 437
426, 840, 437
426, 850, 438
426, 860, 438
428, 870, 437
428, 880, 439
429, 890, 439
431, 900, 440
431, 910, 441
432, 920, 441
432, 930, 442
432, 940, 442
432, 950, 442
432, 960, 441
432, 970, 441
432, 980, 441
433, 990, 441
434, 1000, 442
434, 1010, 442
434, 1020, 442
434, 1030, 442
434, 1040, 442
434, 1050, 442
434, 1060, 442
434, 1070, 441
434, 1080, 441
435, 1090, 441
437, 1100, 442
438, 1110, 444
438, 1120, 445
440, 1130, 445
440, 1140, 447
440, 1150, 446
441, 1160, 446
441, 1170, 447
441, 1180, 447
441, 1190, 447
441, 1200, 447
441, 1210, 447
441, 1220, 447
441, 1230, 447
441, 1240, 446
441, 1250, 446
441, 1260, 446
441, 1270, 446
441, 1280, 446
441, 1290, 446
441, 1300, 446
441, 1310, 446
441, 1320, 446
441, 1330, 446
441, 1340, 445
441, 1350, 445
442, 1360, 445
442, 1370, 446
443, 1380, 446
444, 1390, 447
444, 1400, 448
444, 1410, 448
444, 1420, 448
444, 1430, 448
444, 1440, 448
444, 1450, 448
444, 1460, 448
444, 1470, 447
445, 1480, 447
445, 1490, 448
445, 1500, 448
445, 1510, 448
445, 1520, 448
445, 1530, 448
445, 1540, 448
445, 1550, 448
445, 1560, 448
445, 1570, 448
445, 1580, 448
445, 1590, 448
445, 1600, 448
445, 1610, 448
446, 1620, 448
446, 1630, 449
447, 1640, 448
448, 1650, 449
448, 1660, 450
449, 1670, 450
449, 1680, 451
449, 1690, 451
449, 1700, 451
449, 1710, 451
449, 1720, 451
449, 1730, 451
449, 1740, 451
450, 1750, 451
450, 1760, 452
450, 1770, 452
450, 1780, 452
450, 1790, 452
450, 1800, 452
450, 1810, 452
451, 1820, 452
451, 1830, 453
451, 1840, 453
451, 1850, 453
451, 1860, 453
452, 1870, 452
453, 1880, 453
454, 1890, 454
454, 1900, 455
454, 1910, 455
454, 1920, 455
455, 1930, 455
455, 1940, 456
455, 1950, 456
456, 1960, 456
456, 1970, 457
456, 1980, 457
456, 1990, 457
456, 2000, 457
458, 2010, 457
458, 2020, 459
458, 2030, 459
458, 2040, 459
458, 2050, 459
459, 2060, 459
459, 2070, 460
459, 2080, 460
459, 2090, 460
459, 2100, 460
459, 2110, 460
459, 2120, 460
459, 2130, 460
459, 2140, 460
459, 2150, 460
459, 2160, 460
460, 2170, 460
460, 2180, 461
460, 2190, 461
460, 2200, 461
460, 2210, 461
460, 2220, 460
460, 2230, 460
460, 2240, 460
460, 2250, 460
460, 2260, 460
460, 2270, 460
461, 2280, 460
461, 2290, 461
461, 2300, 461
462, 2310, 461
463, 2320, 462
463, 2330, 463
463, 2340, 463
464, 2350, 463
464, 2360, 464
464, 2370, 464
464, 2380, 464
465, 2390, 464
466, 2400, 465
466, 2410, 466
466, 2420, 466
466, 2430, 466
466, 2440, 466
467, 2450, 466
467, 2460, 467
467, 2470, 467
467, 2480, 467
467, 2490, 467
467, 2500, 467
467, 2510, 467
467, 2520, 467
467, 2530, 467
467, 2540, 467
467, 2550, 467
467, 2560, 467
467, 2570, 467
467, 2580, 467
467, 2590, 467
467, 2600, 467
467, 2610, 467
467, 2620, 467
467, 2630, 467
467, 2640, 467
467, 2650, 467
467, 2660, 467
467, 2670, 467
468, 2680, 467
468, 2690, 468
469, 2700, 468
469, 2710, 469
469, 2720, 469
469, 2730, 469
469, 2740, 469
469, 2750, 469
469, 2760, 469
469, 2770, 469
469, 2780, 469
469, 2790, 469
469, 2800, 469
469, 2810, 469
469, 2820, 469
469, 2830, 469
469, 2840, 469
469, 2850, 469
469, 2860, 469
469, 2870, 469
469, 2880, 469
469, 2890, 469
472, 2900, 469
0, 0, 0
3, 10, 0
10, 20, 61
14, 30, 65
24, 40, 72
33, 50, 72
42, 60, 89
51, 70, 115
61, 80, 130
71, 90, 157
81, 100, 168
91, 110, 198
101, 120, 218
111, 130, 226
120, 140, 254
128, 150, 266
138, 160, 271
148, 170, 287
158, 180, 308
168, 190, 322
178, 200, 338
187, 210, 352
197, 220, 370
206, 230, 386
216, 240, 395
226, 250, 417
236, 260, 420
245, 270, 446
255, 280, 462
265, 290, 476
274, 300, 493
284, 310, 503
293, 320, 524
302, 330, 548
312, 340, 560
322, 350, 575
327, 360, 593
330, 370, 583
330, 380, 585
332, 390, 578
335, 400, 572
335, 410, 550
337, 420, 538
339, 430, 537
342, 440, 526
342, 450, 515
344, 460, 518
344, 470, 496
345, 480, 488
348, 490, 482
348, 500, 484
349, 510, 473
353, 520, 463
355, 530, 468
356, 540, 461
358, 550, 461
360, 560, 457
360, 570, 452
362, 580, 441
363, 590, 433
365, 600, 432
366, 610, 431
367, 620, 433
369, 630, 431
370, 640, 428
374, 650, 431
378, 660, 434
379, 670, 427
382, 680, 424
386, 690, 424
389, 700, 426
389, 710, 432
390, 720, 428
393, 730, 425
394, 740, 424
396, 750, 428
396, 760, 429
401, 770, 429
402, 780, 434
404, 790, 432
405, 800, 431
405, 810, 434
405, 820, 431
411, 830, 431
411, 840, 434
412, 850, 434
413, 860, 435
415, 870, 436
417, 880, 435
418, 890, 436
419, 900, 437
419, 910, 437
419, 920, 439
419, 930, 437
419, 940, 434
420, 950, 433
422, 960, 435
422, 970, 435
423, 980, 433
423, 990, 435
423, 1000, 435
424, 1010, 434
424, 1020, 436
424, 1030, 435
424, 1040, 434
424, 1050, 435
424, 1060, 433
424, 1070, 433
424, 1080, 433
424, 1090, 433
425, 1100, 432
427, 1110, 433
427, 1120, 436
428, 1130, 435
428, 1140, 436
428, 1150, 435
428, 1160, 436
428, 1170, 435
428, 1180, 434
428, 1190, 434
429, 1200, 435
429, 1210, 435
430, 1220, 435
431, 1230, 436
431, 1240, 436
431, 1250, 436
431, 1260, 436
431, 1270, 436
432, 1280, 436
433, 1290, 436
434, 1300, 438
435, 1310, 439
435, 1320, 440
437, 1330, 440
438, 1340, 441
440, 1350, 442
441, 1360, 445
441, 1370, 446
442, 1380, 445
442, 1390, 446
442, 1400, 446
442, 1410, 446
442, 1420, 446
443, 1430, 445
443, 1440, 446
443, 1450, 446
443, 1460, 446
444, 1470, 446
444, 1480, 447
444, 1490, 447
444, 1500, 447
445, 1510, 447
446, 1520, 448
449, 1530, 449
450, 1540, 452
450, 1550, 453
450, 1560, 453
451, 1570, 453
452, 1580, 454
452, 1590, 455
453, 1600, 455
453, 1610, 456
453, 1620, 456
453, 1630, 456
453, 1640, 455
453, 1650, 455
453, 1660, 455
453, 1670, 455
453, 1680, 455
454, 1690, 455
454, 1700, 456
454, 1710, 456
454, 1720, 456
454, 1730, 456
454, 1740, 456
455, 1750, 456
456, 1760, 457
456, 1770, 458
456, 1780, 458
456, 1790, 459
456, 1800, 458
456, 1810, 459
456, 1820, 459
456, 1830, 459
456, 1840, 460
456, 1850, 460
456, 1860, 460
456, 1870, 460
457, 1880, 460
458, 1890, 461
459, 1900, 462
459, 1910, 464
459, 1920, 463
460, 1930, 464
460, 1940, 464
460, 1950, 464
462, 1960, 464
462, 1970, 466
462, 1980, 466
462, 1990, 466
462, 2000, 466
462, 2010, 465
462, 2020, 465
462, 2030, 465
462, 2040, 465
462, 2050, 465
462, 2060, 465
462, 2070, 465
462, 2080, 466
462, 2090, 466
462, 2100, 466
462, 2110, 466
462, 2120, 466
462, 2130, 466
462, 2140, 467
462, 2150, 467
462, 2160, 467
462, 2170, 466
462, 2180, 467
462, 2190, 466
462, 2200, 466
462, 2210, 467
462, 2220, 467
462, 2230, 467
462, 2240, 467
462, 2250, 467
462, 2260, 468
462, 2270, 468
462, 2280, 468
462, 2290, 467
462, 2300, 468
462, 2310, 467
462, 2320, 467
462, 2330, 467
462, 2340, 467
463, 2350, 467
463, 2360, 468
464, 2370, 468
464, 2380, 470
464, 2390, 469
464, 2400, 469
464, 2410, 469
464, 2420, 469
464, 2430, 469
464, 2440, 469
465, 2450, 469
465, 2460, 470
465, 2470, 470
465, 2480, 470
465, 2490, 469
465, 2500, 469
465, 2510, 469
465, 2520, 469
465, 2530, 469
465, 2540, 469
465, 2550, 469
465, 2560, 469
465, 2570, 468
465, 2580, 468
465, 2590, 468
466, 2600, 468
467, 2610, 469
468, 2620, 469
469, 2630, 470
470, 2640, 471
470, 2650, 472
470, 2660, 472
471, 2670, 472
471, 2680, 473
471, 2690, 473
471, 2700, 473
471, 2710, 473
471, 2720, 472
471, 2730, 472
471, 2740, 472
471, 2750, 472
471, 2760, 472
471, 2770, 472
471, 2780, 472
471, 2790, 472
471, 2800, 472
471, 2810, 472
471, 2820, 472
471, 2830, 471
471, 2840, 471
471, 2850, 471
471, 2860, 471
471, 2870, 471
471, 2880, 471
471, 2890, 471
471, 2900, 471
471, 2910, 471
471, 2920, 471
472, 2930, 471

------------------------------------------------------------
Sender: LSF System <lsfadmin@n2c1-2>
Subject: Job 287947: </share/tjmenzie/zyu9/miniconda2/bin/python2.7 runner.py exp_HPC 5> in cluster <henry2> Done

Job </share/tjmenzie/zyu9/miniconda2/bin/python2.7 runner.py exp_HPC 5> was submitted from host <login01> by user <zyu9> in cluster <henry2> at Mon Mar 18 10:59:50 2019.
Job was executed on host(s) <1*n2c1-2>, in queue <single_chassis>, as user <zyu9> in cluster <henry2> at Mon Mar 18 10:59:57 2019.
                            <1*n2c1-12>
</home/zyu9> was used as the home directory.
</home/zyu9/projects/Better-Est/src> was used as the working directory.
Started at Mon Mar 18 10:59:57 2019.
Terminated at Mon Mar 18 13:35:45 2019.
Results reported at Mon Mar 18 13:35:45 2019.

Your job looked like:

------------------------------------------------------------
# LSBATCH: User input
/share/tjmenzie/zyu9/miniconda2/bin/python2.7 runner.py exp_HPC 5
------------------------------------------------------------

Successfully completed.

Resource usage summary:

    CPU time :                                   9533.33 sec.
    Max Memory :                                 402.71 MB
    Average Memory :                             171.76 MB
    Total Requested Memory :                     -
    Delta Memory :                               -
    Max Swap :                                   1729 MB
    Max Processes :                              3
    Max Threads :                                15
    Run time :                                   9357 sec.
    Turnaround time :                            9355 sec.

The output (if any) is above this job summary.



PS:

Read file <./err/5.err.287947> for stderr output of this job.

