0, 0, 157
6, 10, 157
12, 20, 161
21, 30, 164
27, 40, 169
36, 50, 172
44, 60, 177
48, 70, 180
55, 80, 181
62, 90, 184
66, 100, 189
72, 110, 189
76, 120, 192
85, 130, 193
89, 140, 198
93, 150, 199
96, 160, 200
101, 170, 200
105, 180, 202
109, 190, 204
115, 200, 203
121, 210, 206
128, 220, 209
128, 230, 214
128, 240, 214
128, 250, 214
128, 260, 214
128, 270, 214
128, 280, 214
128, 290, 213
128, 300, 213
128, 310, 213
128, 320, 213
128, 330, 213
128, 340, 213
128, 350, 213
128, 360, 213
128, 370, 213
128, 380, 213
128, 390, 213
128, 400, 213
128, 410, 212
128, 420, 212
128, 430, 212
128, 440, 212
128, 450, 212
128, 460, 212
128, 470, 212
128, 480, 212
128, 490, 212
128, 500, 212
128, 510, 211
128, 520, 211
128, 530, 211
128, 540, 210
128, 550, 210
128, 560, 210
128, 570, 210
128, 580, 210
128, 590, 210
128, 600, 210
128, 610, 210
128, 620, 210
128, 630, 210
128, 640, 209
128, 650, 209
128, 660, 209
128, 670, 209
128, 680, 209
128, 690, 209
128, 700, 209
128, 710, 209
128, 720, 209
128, 730, 208
128, 740, 208
128, 750, 208
128, 760, 208
128, 770, 208
128, 780, 208
128, 790, 208
128, 800, 208
128, 810, 208
128, 820, 208
128, 830, 208
128, 840, 208
128, 850, 208
128, 860, 207
128, 870, 207
128, 880, 207
128, 890, 207
128, 900, 207
128, 910, 207
128, 920, 207
128, 930, 207
128, 940, 207
128, 950, 207
128, 960, 207
128, 970, 207
128, 980, 206
128, 990, 206
128, 1000, 206
128, 1010, 206
128, 1020, 206
128, 1030, 206
128, 1040, 206
128, 1050, 206
128, 1060, 205
128, 1070, 205
128, 1080, 205
128, 1090, 205
128, 1100, 205
128, 1110, 205
128, 1120, 205
128, 1130, 205
128, 1140, 204
128, 1150, 204
128, 1160, 204
128, 1170, 204
128, 1180, 204
128, 1190, 204
128, 1200, 204
128, 1210, 204
128, 1220, 204
128, 1230, 204
128, 1240, 204
128, 1250, 204
128, 1260, 204
128, 1270, 203
128, 1280, 203
128, 1290, 203
128, 1300, 203
128, 1310, 203
128, 1320, 203
128, 1330, 203
128, 1340, 203
128, 1350, 203
128, 1360, 203
128, 1370, 202
128, 1380, 202
128, 1390, 202
128, 1400, 202
128, 1410, 202
128, 1420, 202
128, 1430, 202
128, 1440, 202
128, 1450, 202
128, 1460, 202
128, 1470, 202
128, 1480, 201
128, 1490, 201
128, 1500, 201
128, 1510, 201
128, 1520, 201
128, 1530, 201
128, 1540, 200
128, 1550, 200
128, 1560, 200
128, 1570, 200
128, 1580, 200
128, 1590, 200
128, 1600, 200
128, 1610, 200
128, 1620, 200
128, 1630, 200
128, 1640, 200
128, 1650, 200
128, 1660, 200
128, 1670, 200
128, 1680, 199
128, 1690, 199
128, 1700, 199
128, 1710, 199
128, 1720, 199
128, 1730, 199
128, 1740, 199
128, 1750, 199
128, 1760, 199
128, 1770, 199
128, 1780, 199
128, 1790, 199
128, 1800, 199
128, 1810, 199
128, 1820, 199
128, 1830, 199
128, 1840, 199
128, 1850, 199
128, 1860, 199
128, 1870, 199
128, 1880, 199
128, 1890, 198
128, 1900, 198
128, 1910, 198
128, 1920, 198
128, 1930, 198
128, 1940, 198
128, 1950, 198
128, 1960, 198
128, 1970, 198
128, 1980, 198
128, 1990, 198
128, 2000, 198
128, 2010, 198
128, 2020, 198
128, 2030, 197
128, 2040, 197
128, 2050, 197
128, 2060, 197
128, 2070, 197
128, 2080, 197
128, 2090, 197
128, 2100, 197
128, 2110, 197
128, 2120, 197
128, 2130, 196
128, 2140, 196
128, 2150, 196
128, 2160, 196
128, 2170, 196
128, 2180, 196
128, 2190, 196
128, 2200, 196
128, 2210, 196
128, 2220, 196
128, 2230, 196
128, 2240, 196
128, 2250, 196
128, 2260, 196
128, 2270, 196
128, 2280, 196
128, 2290, 195
128, 2300, 195
128, 2310, 195
128, 2320, 195
128, 2330, 195
128, 2340, 195
128, 2350, 195
128, 2360, 195
128, 2370, 195
128, 2380, 195
128, 2390, 195
128, 2400, 195
128, 2410, 194
128, 2420, 194
128, 2430, 194
128, 2440, 194
128, 2450, 194
128, 2460, 194
128, 2470, 194
128, 2480, 194
128, 2490, 194
128, 2500, 194
128, 2510, 194
128, 2520, 194
128, 2530, 193
128, 2540, 193
128, 2550, 193
128, 2560, 193
128, 2570, 193
128, 2580, 193
128, 2590, 193
128, 2600, 193
128, 2610, 193
128, 2620, 193
128, 2630, 193
128, 2640, 193
128, 2650, 193
128, 2660, 193
128, 2670, 192
128, 2680, 192
128, 2690, 192
128, 2700, 192
128, 2710, 192
128, 2720, 192
128, 2730, 192
128, 2740, 192
128, 2750, 192
128, 2760, 192
128, 2770, 192
128, 2780, 192
128, 2790, 192
128, 2800, 191
128, 2810, 191
128, 2820, 191
128, 2830, 191
128, 2840, 191
128, 2850, 191
128, 2860, 191
128, 2870, 191
128, 2880, 191
128, 2890, 190
128, 2900, 190
128, 2910, 190
128, 2920, 190
128, 2930, 190
128, 2940, 190
128, 2950, 190
128, 2960, 190
128, 2970, 190
128, 2980, 190
128, 2990, 190
128, 3000, 190
128, 3010, 190
128, 3020, 190
128, 3030, 190
128, 3040, 189
128, 3050, 189
128, 3060, 189
128, 3070, 189
128, 3080, 189
128, 3090, 189
128, 3100, 189
128, 3110, 189
128, 3120, 189
128, 3130, 189
128, 3140, 189
128, 3150, 189
128, 3160, 189
128, 3170, 189
128, 3180, 189
128, 3190, 189
128, 3200, 189
128, 3210, 188
128, 3220, 188
128, 3230, 188
128, 3240, 188
128, 3250, 188
128, 3260, 188
128, 3270, 188
128, 3280, 188
128, 3290, 188
128, 3300, 187
128, 3310, 187
128, 3320, 187
128, 3330, 187
128, 3340, 187
128, 3350, 187
128, 3360, 187
128, 3370, 187
128, 3380, 187
128, 3390, 187
128, 3400, 186
128, 3410, 186
128, 3420, 186
128, 3430, 186
128, 3440, 186
128, 3450, 186
128, 3460, 186
128, 3470, 186
128, 3480, 186
128, 3490, 186
128, 3500, 186
128, 3510, 185
128, 3520, 185
128, 3530, 185
128, 3540, 185
128, 3550, 185
128, 3560, 185
128, 3570, 185
128, 3580, 185
128, 3590, 185
128, 3600, 185
128, 3610, 185
128, 3620, 185
128, 3630, 185
128, 3640, 184
128, 3650, 184
128, 3660, 184
128, 3670, 184
128, 3680, 184
128, 3690, 184
128, 3700, 184
128, 3710, 184
128, 3720, 184
128, 3730, 184
128, 3740, 184
128, 3750, 184
128, 3760, 184
128, 3770, 184
128, 3780, 183
128, 3790, 183
128, 3800, 183
128, 3810, 183
128, 3820, 183
128, 3830, 183
128, 3840, 183
128, 3850, 183
128, 3860, 183
128, 3870, 182
128, 3880, 182
128, 3890, 182
128, 3900, 182
128, 3910, 182
128, 3920, 182
128, 3930, 182
128, 3940, 181
128, 3950, 181
128, 3960, 181
128, 3970, 181
128, 3980, 181
128, 3990, 181
128, 4000, 181
128, 4010, 181
128, 4020, 181
128, 4030, 181
128, 4040, 181
128, 4050, 181
128, 4060, 181
128, 4070, 181
128, 4080, 180
128, 4090, 180
128, 4100, 180
128, 4110, 180
128, 4120, 180
128, 4130, 180
128, 4140, 180
128, 4150, 180
128, 4160, 180
128, 4170, 180
128, 4180, 180
128, 4190, 179
128, 4200, 179
128, 4210, 179
128, 4220, 179
128, 4230, 179
128, 4240, 179
128, 4250, 179
128, 4260, 179
128, 4270, 179
128, 4280, 179
128, 4290, 179
128, 4300, 179
128, 4310, 179
128, 4320, 179
128, 4330, 178
128, 4340, 178
128, 4350, 178
128, 4360, 178
128, 4370, 178
128, 4380, 178
128, 4390, 178
128, 4400, 178
128, 4410, 178
128, 4420, 178
128, 4430, 177
128, 4440, 177
128, 4450, 177
128, 4460, 177
128, 4470, 177
128, 4480, 177
128, 4490, 177
128, 4500, 177
128, 4510, 176
128, 4520, 176
128, 4530, 176
128, 4540, 176
128, 4550, 176
128, 4560, 176
128, 4570, 176
128, 4580, 176
128, 4590, 176
128, 4600, 176
128, 4610, 175
128, 4620, 175
128, 4630, 175
128, 4640, 175
128, 4650, 175
128, 4660, 175
128, 4670, 175
128, 4680, 175
128, 4690, 175
128, 4700, 175
128, 4710, 174
128, 4720, 174
128, 4730, 174
128, 4740, 174
128, 4750, 174
128, 4760, 174
128, 4770, 174
128, 4780, 174
128, 4790, 174
128, 4800, 174
128, 4810, 173
128, 4820, 173
128, 4830, 173
128, 4840, 173
128, 4850, 173
128, 4860, 173
128, 4870, 173
128, 4880, 173
128, 4890, 172
128, 4900, 172
128, 4910, 172
128, 4920, 172
128, 4930, 172
128, 4940, 172
128, 4950, 172
128, 4960, 172
128, 4970, 172
128, 4980, 172
128, 4990, 172
128, 5000, 172
128, 5010, 171
128, 5020, 171
128, 5030, 171
128, 5040, 171
128, 5050, 171
128, 5060, 171
128, 5070, 171
128, 5080, 171
128, 5090, 171
128, 5100, 171
128, 5110, 171
128, 5120, 170
128, 5130, 170
128, 5140, 170
128, 5150, 170
128, 5160, 170
128, 5170, 170
128, 5180, 170
128, 5190, 170
128, 5200, 170
128, 5210, 169
128, 5220, 169
128, 5230, 169
128, 5240, 169
128, 5250, 169
128, 5260, 169
128, 5270, 169
128, 5280, 169
128, 5290, 169
128, 5300, 169
128, 5310, 169
128, 5320, 169
128, 5330, 169
128, 5340, 169
128, 5350, 168
128, 5360, 168
128, 5370, 168
128, 5380, 168
128, 5390, 168
128, 5400, 168
128, 5410, 168
128, 5420, 168
128, 5430, 168
128, 5440, 168
128, 5450, 168
128, 5460, 168
128, 5470, 168
128, 5480, 168
128, 5490, 167
128, 5500, 167
128, 5510, 167
128, 5520, 167
128, 5530, 167
128, 5540, 167
128, 5550, 167
128, 5560, 167
128, 5570, 167
128, 5580, 167
128, 5590, 167
128, 5600, 167
128, 5610, 167
128, 5620, 166
128, 5630, 166
128, 5640, 166
128, 5650, 166
128, 5660, 166
128, 5670, 166
128, 5680, 166
128, 5690, 166
128, 5700, 166
128, 5710, 166
128, 5720, 166
128, 5730, 166
128, 5740, 166
128, 5750, 166
128, 5760, 166
128, 5770, 166
128, 5780, 166
128, 5790, 165
128, 5800, 165
128, 5810, 165
128, 5820, 165
128, 5830, 165
128, 5840, 165
128, 5850, 165
128, 5860, 165
128, 5870, 165
128, 5880, 165
128, 5890, 164
128, 5900, 164
128, 5910, 164
128, 5920, 164
128, 5930, 164
128, 5940, 164
128, 5950, 164
128, 5960, 164
128, 5970, 163
128, 5980, 163
128, 5990, 163
128, 6000, 163
128, 6010, 163
128, 6020, 163
128, 6030, 163
128, 6040, 163
128, 6050, 163
128, 6060, 163
128, 6070, 163
128, 6080, 162
128, 6090, 162
128, 6100, 162
128, 6110, 162
128, 6120, 162
128, 6130, 162
128, 6140, 162
128, 6150, 162
128, 6160, 162
128, 6170, 161
128, 6180, 161
128, 6190, 161
128, 6200, 161
128, 6210, 161
128, 6220, 161
128, 6230, 161
128, 6240, 161
128, 6250, 161
128, 6260, 161
128, 6270, 161
128, 6280, 160
128, 6290, 160
128, 6300, 160
128, 6310, 160
128, 6320, 160
128, 6330, 160
128, 6340, 160
128, 6350, 160
128, 6360, 160
128, 6370, 160
128, 6380, 160
128, 6390, 160
128, 6400, 159
128, 6410, 159
128, 6420, 159
128, 6430, 159
128, 6440, 159
128, 6450, 159
128, 6460, 159
128, 6470, 158
128, 6480, 158
128, 6490, 158
128, 6500, 158
128, 6510, 158
128, 6520, 158
128, 6530, 158
128, 6540, 158
128, 6550, 157
128, 6560, 157
128, 6570, 157
128, 6580, 157
128, 6590, 157
128, 6600, 157
128, 6610, 157
128, 6620, 157
128, 6630, 157
128, 6640, 157
128, 6650, 157
128, 6660, 157
128, 6670, 157
128, 6680, 156
128, 6690, 156
128, 6700, 156
128, 6710, 156
128, 6720, 156
128, 6730, 156
128, 6740, 156
128, 6750, 156
128, 6760, 156
128, 6770, 155
128, 6780, 155
128, 6790, 155
128, 6800, 155
128, 6810, 155
128, 6820, 155
128, 6830, 155
128, 6840, 155
128, 6850, 155
128, 6860, 155
128, 6870, 155
128, 6880, 155
128, 6890, 154
128, 6900, 154
128, 6910, 154
128, 6920, 154
128, 6930, 154
128, 6940, 154
128, 6950, 154
128, 6960, 154
128, 6970, 154
128, 6980, 154
128, 6990, 154
128, 7000, 153
128, 7010, 153
128, 7020, 153
128, 7030, 153
128, 7040, 153
128, 7050, 153
128, 7060, 153
128, 7070, 153
128, 7080, 153
128, 7090, 153
128, 7100, 152
128, 7110, 152
128, 7120, 152
128, 7130, 152
128, 7140, 152
128, 7150, 152
128, 7160, 152
128, 7170, 152
128, 7180, 151
128, 7190, 151
128, 7200, 151
128, 7210, 151
128, 7220, 151
128, 7230, 151
128, 7240, 151
128, 7250, 151
128, 7260, 151
128, 7270, 151
128, 7280, 150
128, 7290, 150
128, 7300, 150
128, 7310, 150
128, 7320, 150
128, 7330, 150
128, 7340, 150
128, 7350, 150
128, 7360, 150
128, 7370, 150
128, 7380, 150
128, 7390, 149
128, 7400, 149
128, 7410, 149
128, 7420, 149
128, 7430, 149
128, 7440, 149
128, 7450, 149
128, 7460, 149
128, 7470, 149
128, 7480, 149
128, 7490, 149
128, 7500, 148
128, 7510, 148
128, 7520, 148
128, 7530, 148
128, 7540, 148
128, 7550, 148
128, 7560, 148
128, 7570, 148
128, 7580, 148
128, 7590, 148
128, 7600, 148
128, 7610, 148
128, 7620, 148
128, 7630, 147
128, 7640, 147
128, 7650, 147
128, 7660, 147
128, 7670, 147
128, 7680, 147
128, 7690, 147
128, 7700, 147
128, 7710, 147
128, 7720, 147
128, 7730, 147
128, 7740, 147
128, 7750, 147
128, 7760, 146
128, 7770, 146
128, 7780, 146
128, 7790, 146
128, 7800, 146
128, 7810, 146
128, 7820, 146
128, 7830, 146
128, 7840, 146
128, 7850, 146
128, 7860, 146
128, 7870, 146
128, 7880, 146
128, 7890, 145
128, 7900, 145
128, 7910, 145
128, 7920, 145
128, 7930, 145
128, 7940, 145
128, 7950, 145
128, 7960, 145
128, 7970, 145
128, 7980, 145
128, 7990, 145
128, 8000, 145
128, 8010, 145
128, 8020, 145
128, 8030, 145
128, 8040, 144
128, 8050, 144
128, 8060, 144
128, 8070, 144
128, 8080, 144
128, 8090, 144
128, 8100, 144
128, 8110, 144
128, 8120, 144
128, 8130, 144
128, 8140, 144
128, 8150, 144
128, 8160, 144
128, 8170, 143
128, 8180, 143
128, 8190, 143
128, 8200, 143
128, 8210, 143
128, 8220, 143
128, 8230, 143
128, 8240, 143
128, 8250, 143
128, 8260, 143
128, 8270, 143
128, 8280, 143
128, 8290, 143
128, 8300, 143
128, 8310, 142
128, 8320, 142
128, 8330, 142
128, 8340, 142
128, 8350, 142
128, 8360, 142
128, 8370, 142
128, 8380, 142
128, 8390, 142
128, 8400, 142
128, 8410, 142
128, 8420, 141
128, 8430, 141
128, 8440, 141
128, 8450, 141
128, 8460, 141
128, 8470, 141
128, 8480, 141
128, 8490, 141
128, 8500, 141
128, 8510, 141
128, 8520, 141
128, 8530, 141
128, 8540, 141
128, 8550, 140
128, 8560, 140
128, 8570, 140
128, 8580, 140
128, 8590, 140
128, 8600, 140
128, 8610, 140
128, 8620, 140
128, 8630, 140
128, 8640, 140
128, 8650, 140
128, 8660, 140
128, 8670, 140
128, 8680, 140
128, 8690, 139
128, 8700, 139
128, 8710, 139
128, 8720, 139
128, 8730, 139
128, 8740, 139
128, 8750, 139
128, 8760, 139
128, 8770, 139
128, 8780, 139
128, 8790, 139
128, 8800, 139
128, 8810, 139
128, 8820, 139
128, 8830, 138
128, 8840, 138
128, 8850, 138
128, 8860, 138
128, 8870, 138
128, 8880, 138
128, 8890, 138
128, 8900, 138
128, 8910, 138
128, 8920, 138
128, 8930, 138
128, 8940, 138
128, 8950, 138
128, 8960, 137
128, 8970, 137
128, 8980, 137
128, 8990, 137
128, 9000, 137
128, 9010, 137
128, 9020, 137
128, 9030, 137
128, 9040, 137
128, 9050, 137
128, 9060, 137
128, 9070, 137
128, 9080, 137
128, 9090, 137
128, 9100, 137
128, 9110, 137
128, 9120, 136
128, 9130, 136
128, 9140, 136
128, 9150, 136
128, 9160, 136
128, 9170, 136
128, 9180, 136
128, 9190, 136
128, 9200, 136
128, 9210, 136
128, 9220, 136
128, 9230, 136
128, 9240, 136
128, 9250, 136
128, 9260, 136
128, 9270, 136
128, 9280, 135
128, 9290, 135
128, 9300, 135
128, 9310, 135
128, 9320, 135
128, 9330, 135
128, 9340, 135
128, 9350, 135
128, 9360, 135
128, 9370, 135
128, 9380, 135
128, 9390, 135
128, 9400, 135
128, 9410, 135
128, 9420, 135
128, 9430, 135
128, 9440, 135
128, 9450, 135
128, 9460, 135
128, 9470, 134

------------------------------------------------------------
Sender: LSF System <lsfadmin@n2b1-12>
Subject: Job 137743: </share/tjmenzie/zyu9/miniconda2/bin/python2.7 runner.py exp_HPC 6> in cluster <henry2> Done

Job </share/tjmenzie/zyu9/miniconda2/bin/python2.7 runner.py exp_HPC 6> was submitted from host <login01> by user <zyu9> in cluster <henry2> at Wed Mar  6 10:48:08 2019.
Job was executed on host(s) <2*n2b1-12>, in queue <single_chassis>, as user <zyu9> in cluster <henry2> at Wed Mar  6 10:48:15 2019.
</home/zyu9> was used as the home directory.
</home/zyu9/projects/Better-Est/src> was used as the working directory.
Started at Wed Mar  6 10:48:15 2019.
Terminated at Wed Mar  6 19:57:55 2019.
Results reported at Wed Mar  6 19:57:55 2019.

Your job looked like:

------------------------------------------------------------
# LSBATCH: User input
/share/tjmenzie/zyu9/miniconda2/bin/python2.7 runner.py exp_HPC 6
------------------------------------------------------------

Successfully completed.

Resource usage summary:

    CPU time :                                   33396.15 sec.
    Max Memory :                                 399.52 MB
    Average Memory :                             159.68 MB
    Total Requested Memory :                     -
    Delta Memory :                               -
    Max Swap :                                   1455 MB
    Max Processes :                              3
    Max Threads :                                11
    Run time :                                   32991 sec.
    Turnaround time :                            32987 sec.

The output (if any) is above this job summary.



PS:

Read file <./err/6.err.137743> for stderr output of this job.

