0, 0, 157
6, 10, 157
12, 20, 161
21, 30, 164
27, 40, 169
36, 50, 172
44, 60, 177
48, 70, 180
55, 80, 181
62, 90, 184
66, 100, 189
72, 110, 189
76, 120, 192
85, 130, 193
89, 140, 198
93, 150, 199
96, 160, 200
101, 170, 200
105, 180, 202
109, 190, 204
115, 200, 203
121, 210, 206
128, 220, 209
128, 230, 214
128, 240, 214
128, 250, 214
128, 260, 214
128, 270, 214
128, 280, 214
128, 290, 213
128, 300, 213
128, 310, 213
128, 320, 213
128, 330, 213
128, 340, 213
128, 350, 213
128, 360, 213
128, 370, 213
128, 380, 213
128, 390, 213
128, 400, 213
128, 410, 212
128, 420, 212
128, 430, 212
128, 440, 212
128, 450, 212
128, 460, 212
128, 470, 212
128, 480, 212
128, 490, 212
128, 500, 212
128, 510, 211
128, 520, 211
128, 530, 211
128, 540, 210
128, 550, 210
128, 560, 210
128, 570, 210
128, 580, 210
128, 590, 210
128, 600, 210
128, 610, 210
128, 620, 210
128, 630, 210
128, 640, 209
128, 650, 209
128, 660, 209
128, 670, 209
128, 680, 209
128, 690, 209
128, 700, 209
128, 710, 209
128, 720, 209
128, 730, 208
128, 740, 208
128, 750, 208
128, 760, 208
128, 770, 208
128, 780, 208
128, 790, 208
128, 800, 208
128, 810, 208
128, 820, 208
128, 830, 208
128, 840, 208
128, 850, 208
128, 860, 207
128, 870, 207
128, 880, 207
128, 890, 207
128, 900, 207
128, 910, 207
128, 920, 207
128, 930, 207
128, 940, 207
128, 950, 207
128, 960, 207
128, 970, 207
128, 980, 206
128, 990, 206
128, 1000, 206
128, 1010, 206
128, 1020, 206
128, 1030, 206
128, 1040, 206
128, 1050, 206
128, 1060, 205
128, 1070, 205
128, 1080, 205
128, 1090, 205
128, 1100, 205
128, 1110, 205
128, 1120, 205
128, 1130, 205
128, 1140, 204
128, 1150, 204
128, 1160, 204
128, 1170, 204
128, 1180, 204
128, 1190, 204
128, 1200, 204
128, 1210, 204
128, 1220, 204
128, 1230, 204
128, 1240, 204
128, 1250, 204
128, 1260, 204
128, 1270, 203
128, 1280, 203
128, 1290, 203
128, 1300, 203
128, 1310, 203
128, 1320, 203
128, 1330, 203
128, 1340, 203
128, 1350, 203
128, 1360, 203
128, 1370, 202
128, 1380, 202
128, 1390, 202
128, 1400, 202
128, 1410, 202
128, 1420, 202
128, 1430, 202
128, 1440, 202
128, 1450, 202
128, 1460, 202
128, 1470, 202
128, 1480, 201
128, 1490, 201
128, 1500, 201
128, 1510, 201
128, 1520, 201
128, 1530, 201
128, 1540, 200
128, 1550, 200
128, 1560, 200
128, 1570, 200
128, 1580, 200
128, 1590, 200
128, 1600, 200
128, 1610, 200
128, 1620, 200
128, 1630, 200
128, 1640, 200
128, 1650, 200
128, 1660, 200
128, 1670, 200
128, 1680, 199
128, 1690, 199
128, 1700, 199
128, 1710, 199
128, 1720, 199
128, 1730, 199
128, 1740, 199
128, 1750, 199
128, 1760, 199
128, 1770, 199
128, 1780, 199
128, 1790, 199
128, 1800, 199
128, 1810, 199
128, 1820, 199
128, 1830, 199
128, 1840, 199
128, 1850, 199
128, 1860, 199
128, 1870, 199
128, 1880, 199
128, 1890, 198
128, 1900, 198
128, 1910, 198
128, 1920, 198
128, 1930, 198
128, 1940, 198
128, 1950, 198
128, 1960, 198
128, 1970, 198
128, 1980, 198
128, 1990, 198
128, 2000, 198
128, 2010, 198
128, 2020, 198
128, 2030, 197
128, 2040, 197
128, 2050, 197
128, 2060, 197
128, 2070, 197
128, 2080, 197
128, 2090, 197
128, 2100, 197
128, 2110, 197
128, 2120, 197
128, 2130, 196
128, 2140, 196
128, 2150, 196
128, 2160, 196
128, 2170, 196
128, 2180, 196
128, 2190, 196
128, 2200, 196
128, 2210, 196
128, 2220, 196
128, 2230, 196
128, 2240, 196
128, 2250, 196
128, 2260, 196
128, 2270, 196
128, 2280, 196
128, 2290, 195
128, 2300, 195
128, 2310, 195
128, 2320, 195
128, 2330, 195
128, 2340, 195
128, 2350, 195
128, 2360, 195
128, 2370, 195
128, 2380, 195
128, 2390, 195
128, 2400, 195
128, 2410, 194
128, 2420, 194
128, 2430, 194
128, 2440, 194
128, 2450, 194
128, 2460, 194
128, 2470, 194
128, 2480, 194
128, 2490, 194
128, 2500, 194
128, 2510, 194
128, 2520, 194
128, 2530, 193
128, 2540, 193
128, 2550, 193
128, 2560, 193
128, 2570, 193
128, 2580, 193
128, 2590, 193
128, 2600, 193
128, 2610, 193
128, 2620, 193
128, 2630, 193
128, 2640, 193
128, 2650, 193
128, 2660, 193
128, 2670, 192
128, 2680, 192
128, 2690, 192
128, 2700, 192
128, 2710, 192
128, 2720, 192
128, 2730, 192
128, 2740, 192
128, 2750, 192
128, 2760, 192
128, 2770, 192
128, 2780, 192
128, 2790, 192
128, 2800, 191
128, 2810, 191
128, 2820, 191
128, 2830, 191
128, 2840, 191
128, 2850, 191
128, 2860, 191
128, 2870, 191
128, 2880, 191
128, 2890, 190
128, 2900, 190
128, 2910, 190
128, 2920, 190
128, 2930, 190
128, 2940, 190
128, 2950, 190
128, 2960, 190
128, 2970, 190
128, 2980, 190
128, 2990, 190
128, 3000, 190
128, 3010, 190
128, 3020, 190
128, 3030, 190
128, 3040, 189
128, 3050, 189
128, 3060, 189
128, 3070, 189
128, 3080, 189
128, 3090, 189
128, 3100, 189
128, 3110, 189
128, 3120, 189
128, 3130, 189
128, 3140, 189
128, 3150, 189
128, 3160, 189
128, 3170, 189
128, 3180, 189
128, 3190, 189
128, 3200, 189
128, 3210, 188
128, 3220, 188
128, 3230, 188
128, 3240, 188
128, 3250, 188
128, 3260, 188
128, 3270, 188
128, 3280, 188
128, 3290, 188
128, 3300, 187
128, 3310, 187
128, 3320, 187
128, 3330, 187
128, 3340, 187
128, 3350, 187
128, 3360, 187
128, 3370, 187
128, 3380, 187
128, 3390, 187
128, 3400, 186
128, 3410, 186
128, 3420, 186
128, 3430, 186
128, 3440, 186
128, 3450, 186
128, 3460, 186
128, 3470, 186
128, 3480, 186
128, 3490, 186
128, 3500, 186
128, 3510, 185
128, 3520, 185
128, 3530, 185
128, 3540, 185
128, 3550, 185
128, 3560, 185
128, 3570, 185
128, 3580, 185
128, 3590, 185
128, 3600, 185
128, 3610, 185
128, 3620, 185
128, 3630, 185
128, 3640, 184
128, 3650, 184
128, 3660, 184
128, 3670, 184
128, 3680, 184
128, 3690, 184
128, 3700, 184
128, 3710, 184
128, 3720, 184
128, 3730, 184
128, 3740, 184
128, 3750, 184
128, 3760, 184
128, 3770, 184
128, 3780, 183
128, 3790, 183
128, 3800, 183
128, 3810, 183
128, 3820, 183
128, 3830, 183
128, 3840, 183
128, 3850, 183
128, 3860, 183
128, 3870, 182
128, 3880, 182
128, 3890, 182
128, 3900, 182
128, 3910, 182
128, 3920, 182
128, 3930, 182
128, 3940, 181
128, 3950, 181
128, 3960, 181
128, 3970, 181
128, 3980, 181
128, 3990, 181
128, 4000, 181
128, 4010, 181
128, 4020, 181
128, 4030, 181
128, 4040, 181
128, 4050, 181
128, 4060, 181
128, 4070, 181
128, 4080, 180
128, 4090, 180
128, 4100, 180
128, 4110, 180
128, 4120, 180
128, 4130, 180
128, 4140, 180
128, 4150, 180
128, 4160, 180
128, 4170, 180
128, 4180, 180
128, 4190, 179
128, 4200, 179
128, 4210, 179
128, 4220, 179
128, 4230, 179
128, 4240, 179
128, 4250, 179
128, 4260, 179
128, 4270, 179
128, 4280, 179
128, 4290, 179
128, 4300, 179
128, 4310, 179
128, 4320, 179
128, 4330, 178
128, 4340, 178
128, 4350, 178
128, 4360, 178
128, 4370, 178
128, 4380, 178
128, 4390, 178
128, 4400, 178
128, 4410, 178
128, 4420, 178
128, 4430, 177
128, 4440, 177
128, 4450, 177
128, 4460, 177
128, 4470, 177
128, 4480, 177
128, 4490, 177
128, 4500, 177
128, 4510, 176
128, 4520, 176
128, 4530, 176
128, 4540, 176
128, 4550, 176
128, 4560, 176
128, 4570, 176
128, 4580, 176
128, 4590, 176
128, 4600, 176
128, 4610, 175
128, 4620, 175
128, 4630, 175
128, 4640, 175
128, 4650, 175
128, 4660, 175
128, 4670, 175
128, 4680, 175
128, 4690, 175
128, 4700, 175
128, 4710, 174
128, 4720, 174
128, 4730, 174
128, 4740, 174
128, 4750, 174
128, 4760, 174
128, 4770, 174
128, 4780, 174
128, 4790, 174
128, 4800, 174
128, 4810, 173
128, 4820, 173
128, 4830, 173
128, 4840, 173
128, 4850, 173
128, 4860, 173
128, 4870, 173
128, 4880, 173
128, 4890, 172
128, 4900, 172
128, 4910, 172
128, 4920, 172
128, 4930, 172
128, 4940, 172
128, 4950, 172
128, 4960, 172
128, 4970, 172
128, 4980, 172
128, 4990, 172
128, 5000, 172
128, 5010, 171
128, 5020, 171
128, 5030, 171
128, 5040, 171
128, 5050, 171
128, 5060, 171
128, 5070, 171
128, 5080, 171
128, 5090, 171
128, 5100, 171
128, 5110, 171
128, 5120, 170
128, 5130, 170
128, 5140, 170
128, 5150, 170
128, 5160, 170
128, 5170, 170
128, 5180, 170
128, 5190, 170
128, 5200, 170
128, 5210, 169
128, 5220, 169
128, 5230, 169
128, 5240, 169
128, 5250, 169
128, 5260, 169
128, 5270, 169
128, 5280, 169
128, 5290, 169
128, 5300, 169
128, 5310, 169
128, 5320, 169
128, 5330, 169
128, 5340, 169
128, 5350, 168
128, 5360, 168
128, 5370, 168
128, 5380, 168
128, 5390, 168
128, 5400, 168
128, 5410, 168
128, 5420, 168
128, 5430, 168
128, 5440, 168
128, 5450, 168
128, 5460, 168
128, 5470, 168
128, 5480, 168
128, 5490, 167
128, 5500, 167
128, 5510, 167
128, 5520, 167
128, 5530, 167
128, 5540, 167
128, 5550, 167
128, 5560, 167
128, 5570, 167
128, 5580, 167
128, 5590, 167
128, 5600, 167
128, 5610, 167
128, 5620, 166
128, 5630, 166
128, 5640, 166
128, 5650, 166
128, 5660, 166
128, 5670, 166
128, 5680, 166
128, 5690, 166
128, 5700, 166
128, 5710, 166
128, 5720, 166
128, 5730, 166
128, 5740, 166
128, 5750, 166
128, 5760, 166
128, 5770, 166
128, 5780, 166
128, 5790, 165
128, 5800, 165
128, 5810, 165
128, 5820, 165
128, 5830, 165
128, 5840, 165
128, 5850, 165
128, 5860, 165
128, 5870, 165
128, 5880, 165
128, 5890, 164
128, 5900, 164
128, 5910, 164
128, 5920, 164
128, 5930, 164
128, 5940, 164
128, 5950, 164
128, 5960, 164
128, 5970, 163
128, 5980, 163
128, 5990, 163
128, 6000, 163
128, 6010, 163
128, 6020, 163
128, 6030, 163
128, 6040, 163
128, 6050, 163
128, 6060, 163
128, 6070, 163
128, 6080, 162
128, 6090, 162
128, 6100, 162
128, 6110, 162
128, 6120, 162
128, 6130, 162
128, 6140, 162
128, 6150, 162
128, 6160, 162
128, 6170, 161
128, 6180, 161
128, 6190, 161
128, 6200, 161
128, 6210, 161
128, 6220, 161
128, 6230, 161
128, 6240, 161
128, 6250, 161
128, 6260, 161
128, 6270, 161
128, 6280, 160
128, 6290, 160
128, 6300, 160
128, 6310, 160
128, 6320, 160
128, 6330, 160
128, 6340, 160
128, 6350, 160
128, 6360, 160
128, 6370, 160
128, 6380, 160
128, 6390, 160
128, 6400, 159
128, 6410, 159
128, 6420, 159
128, 6430, 159
128, 6440, 159
128, 6450, 159
128, 6460, 159
128, 6470, 158
128, 6480, 158
128, 6490, 158
128, 6500, 158
128, 6510, 158
128, 6520, 158
128, 6530, 158
128, 6540, 158
128, 6550, 157
128, 6560, 157
128, 6570, 157
128, 6580, 157
128, 6590, 157
128, 6600, 157
128, 6610, 157
128, 6620, 157
128, 6630, 157
128, 6640, 157
128, 6650, 157
128, 6660, 157
128, 6670, 157
128, 6680, 156
128, 6690, 156
128, 6700, 156
128, 6710, 156
128, 6720, 156
128, 6730, 156
128, 6740, 156
128, 6750, 156
128, 6760, 156
128, 6770, 155
128, 6780, 155
128, 6790, 155
128, 6800, 155
128, 6810, 155
128, 6820, 155
128, 6830, 155
128, 6840, 155
128, 6850, 155
128, 6860, 155
128, 6870, 155
128, 6880, 155
128, 6890, 154
128, 6900, 154
128, 6910, 154
128, 6920, 154
128, 6930, 154
128, 6940, 154
128, 6950, 154
128, 6960, 154
128, 6970, 154
128, 6980, 154
128, 6990, 154
128, 7000, 153
128, 7010, 153
128, 7020, 153
128, 7030, 153
128, 7040, 153
128, 7050, 153
128, 7060, 153
128, 7070, 153
128, 7080, 153
128, 7090, 153
128, 7100, 152
128, 7110, 152
128, 7120, 152
128, 7130, 152
128, 7140, 152
128, 7150, 152
128, 7160, 152
128, 7170, 152
128, 7180, 151
128, 7190, 151
128, 7200, 151
128, 7210, 151
128, 7220, 151
128, 7230, 151
128, 7240, 151
128, 7250, 151
128, 7260, 151
128, 7270, 151
128, 7280, 150
128, 7290, 150
128, 7300, 150
128, 7310, 150
128, 7320, 150
128, 7330, 150
128, 7340, 150
128, 7350, 150
128, 7360, 150
128, 7370, 150
128, 7380, 150
128, 7390, 149
128, 7400, 149
128, 7410, 149
128, 7420, 149
128, 7430, 149
128, 7440, 149
128, 7450, 149
128, 7460, 149
128, 7470, 149
128, 7480, 149
128, 7490, 149
128, 7500, 148
128, 7510, 148
128, 7520, 148
128, 7530, 148
128, 7540, 148
128, 7550, 148
128, 7560, 148
128, 7570, 148
128, 7580, 148
128, 7590, 148
128, 7600, 148
128, 7610, 148
128, 7620, 148
128, 7630, 147
128, 7640, 147
128, 7650, 147
128, 7660, 147
128, 7670, 147
128, 7680, 147
128, 7690, 147
128, 7700, 147
128, 7710, 147
128, 7720, 147
128, 7730, 147
128, 7740, 147
128, 7750, 147
128, 7760, 146
128, 7770, 146
128, 7780, 146
128, 7790, 146
128, 7800, 146
128, 7810, 146
128, 7820, 146
128, 7830, 146
128, 7840, 146
128, 7850, 146
128, 7860, 146
128, 7870, 146
128, 7880, 146
128, 7890, 145
128, 7900, 145
128, 7910, 145
128, 7920, 145
128, 7930, 145
128, 7940, 145
128, 7950, 145
128, 7960, 145
128, 7970, 145
128, 7980, 145
128, 7990, 145
128, 8000, 145
128, 8010, 145
128, 8020, 145
128, 8030, 145
128, 8040, 144
128, 8050, 144
128, 8060, 144
128, 8070, 144
128, 8080, 144
128, 8090, 144
128, 8100, 144
128, 8110, 144
128, 8120, 144
128, 8130, 144
128, 8140, 144
128, 8150, 144
128, 8160, 144
128, 8170, 143
128, 8180, 143
128, 8190, 143
128, 8200, 143
128, 8210, 143
128, 8220, 143
128, 8230, 143
128, 8240, 143
128, 8250, 143
128, 8260, 143
128, 8270, 143
128, 8280, 143
128, 8290, 143
128, 8300, 143
128, 8310, 142
128, 8320, 142
128, 8330, 142
128, 8340, 142
128, 8350, 142
128, 8360, 142
128, 8370, 142
128, 8380, 142
128, 8390, 142
128, 8400, 142
128, 8410, 142
128, 8420, 141
128, 8430, 141
128, 8440, 141
128, 8450, 141
128, 8460, 141
128, 8470, 141
128, 8480, 141
128, 8490, 141
128, 8500, 141
128, 8510, 141
128, 8520, 141
128, 8530, 141
128, 8540, 141
128, 8550, 140
128, 8560, 140
128, 8570, 140
128, 8580, 140
128, 8590, 140
128, 8600, 140
128, 8610, 140
128, 8620, 140
128, 8630, 140
128, 8640, 140
128, 8650, 140
128, 8660, 140
128, 8670, 140
128, 8680, 140
128, 8690, 139
128, 8700, 139
128, 8710, 139
128, 8720, 139
128, 8730, 139
128, 8740, 139
128, 8750, 139
128, 8760, 139
128, 8770, 139
128, 8780, 139
128, 8790, 139
128, 8800, 139
128, 8810, 139
128, 8820, 139
128, 8830, 138
128, 8840, 138
128, 8850, 138
128, 8860, 138
128, 8870, 138
128, 8880, 138
128, 8890, 138
128, 8900, 138
128, 8910, 138
128, 8920, 138
128, 8930, 138
128, 8940, 138
128, 8950, 138
128, 8960, 137
128, 8970, 137
128, 8980, 137
128, 8990, 137
128, 9000, 137
128, 9010, 137
128, 9020, 137
128, 9030, 137
128, 9040, 137
128, 9050, 137
128, 9060, 137
128, 9070, 137
128, 9080, 137
128, 9090, 137
128, 9100, 137
128, 9110, 137
128, 9120, 136
128, 9130, 136
128, 9140, 136
128, 9150, 136
128, 9160, 136
128, 9170, 136
128, 9180, 136
128, 9190, 136
128, 9200, 136
128, 9210, 136
128, 9220, 136
128, 9230, 136
128, 9240, 136
128, 9250, 136
128, 9260, 136
128, 9270, 136
128, 9280, 135
128, 9290, 135
128, 9300, 135
128, 9310, 135
128, 9320, 135
128, 9330, 135
128, 9340, 135
128, 9350, 135
128, 9360, 135
128, 9370, 135
128, 9380, 135
128, 9390, 135
128, 9400, 135
128, 9410, 135
128, 9420, 135
128, 9430, 135
128, 9440, 135
128, 9450, 135
128, 9460, 135
128, 9470, 134
128, 9480, 134
128, 9490, 134
128, 9500, 134
128, 9510, 134
128, 9520, 134
128, 9530, 134
128, 9540, 134
128, 9550, 134
128, 9560, 134
128, 9570, 134
128, 9580, 134
128, 9590, 134
128, 9600, 134
128, 9610, 134
128, 9620, 134
128, 9630, 134
128, 9640, 134
128, 9650, 134
128, 9660, 134
128, 9670, 134
128, 9680, 134
128, 9690, 133
128, 9700, 133
128, 9710, 133
128, 9720, 133
128, 9730, 133
128, 9740, 133
128, 9750, 133
128, 9760, 133
128, 9770, 133
128, 9780, 133
128, 9790, 133
128, 9800, 133
128, 9810, 133
128, 9820, 132
128, 9830, 132
128, 9840, 132
129, 9850, 132
129, 9860, 133
129, 9870, 133
129, 9880, 133
129, 9890, 133
129, 9900, 133
129, 9910, 133
129, 9920, 133
129, 9930, 133
133, 9940, 133
135, 9950, 136
139, 9960, 138
142, 9970, 142
145, 9980, 145
148, 9990, 148
152, 10000, 151
155, 10010, 155
157, 10020, 158
161, 10030, 160
164, 10040, 164
167, 10050, 167
170, 10060, 170
170, 10070, 172
173, 10080, 172
176, 10090, 175
180, 10100, 178
184, 10110, 182
187, 10120, 186
191, 10130, 189
194, 10140, 193
198, 10150, 196
203, 10160, 199
206, 10170, 204
210, 10180, 207
213, 10190, 211
221, 10200, 214
225, 10210, 222
227, 10220, 225
229, 10230, 227
232, 10240, 229
235, 10250, 232
237, 10260, 235
238, 10270, 237
240, 10280, 238
246, 10290, 240
254, 10300, 246
255, 10310, 254
255, 10320, 255
256, 10322, 255
0, 0, 0
2, 10, 0
2, 20, 83
2, 30, 86
3, 40, 97
3, 50, 91
11, 60, 96
21, 70, 95
27, 80, 111
30, 90, 113
35, 100, 68
38, 110, 60
38, 120, 60
38, 130, 57
38, 140, 53
39, 150, 52
41, 160, 53
43, 170, 56
48, 180, 51
53, 190, 58
56, 200, 71
57, 210, 69
57, 220, 67
60, 230, 62
63, 240, 67
68, 250, 68
70, 260, 82
75, 270, 76
77, 280, 83
79, 290, 86
82, 300, 88
83, 310, 90
83, 320, 91
83, 330, 91
83, 340, 90
85, 350, 89
85, 360, 91
87, 370, 90
90, 380, 93
90, 390, 95
90, 400, 95
91, 410, 95
92, 420, 95
93, 430, 96
95, 440, 98
97, 450, 99
98, 460, 102
101, 470, 103
104, 480, 107
105, 490, 116
109, 500, 111
112, 510, 117
113, 520, 121
115, 530, 118
115, 540, 120
117, 550, 120
119, 560, 122
121, 570, 126
122, 580, 126
122, 590, 128
123, 600, 127
123, 610, 128
124, 620, 126
124, 630, 128
124, 640, 127
124, 650, 129
126, 660, 128
126, 670, 131
127, 680, 131
127, 690, 131
129, 700, 130
134, 710, 134
140, 720, 141
144, 730, 145
145, 740, 152
145, 750, 156
149, 760, 149
150, 770, 156
152, 780, 154
152, 790, 162
154, 800, 156
158, 810, 158
158, 820, 162
158, 830, 163
158, 840, 164
158, 850, 163
158, 860, 164
158, 870, 170
158, 880, 162
158, 890, 162
158, 900, 161
158, 910, 162
160, 920, 160
161, 930, 163
161, 940, 165
162, 950, 164
162, 960, 176
163, 970, 165
163, 980, 166
163, 990, 170
163, 1000, 167
163, 1010, 167
163, 1020, 166
163, 1030, 167
163, 1040, 168
163, 1050, 166
163, 1060, 166
163, 1070, 171
164, 1080, 169
164, 1090, 167
164, 1100, 168
164, 1110, 173
164, 1120, 168
164, 1130, 167
164, 1140, 166
165, 1150, 169
165, 1160, 172
165, 1170, 169
165, 1180, 172
166, 1190, 173
169, 1200, 175
170, 1210, 174
173, 1220, 175
174, 1230, 180
175, 1240, 180
175, 1250, 182
175, 1260, 183
175, 1270, 182
176, 1280, 180
176, 1290, 183
176, 1300, 182
176, 1310, 183
176, 1320, 180
176, 1330, 182
176, 1340, 182
177, 1350, 182
178, 1360, 184
179, 1370, 183
179, 1380, 185
179, 1390, 184
179, 1400, 186
180, 1410, 185
181, 1420, 186
183, 1430, 186
184, 1440, 189
184, 1450, 190
184, 1460, 188
185, 1470, 190
191, 1480, 191
192, 1490, 198
192, 1500, 198
192, 1510, 197
192, 1520, 198
192, 1530, 200
193, 1540, 200
193, 1550, 200
193, 1560, 199
193, 1570, 199
194, 1580, 199
194, 1590, 199
195, 1600, 201
197, 1610, 201
197, 1620, 204
197, 1630, 203
197, 1640, 203
198, 1650, 204
198, 1660, 204
198, 1670, 205
198, 1680, 204
198, 1690, 205
199, 1700, 204
199, 1710, 205
200, 1720, 205
201, 1730, 206
204, 1740, 207
204, 1750, 210
204, 1760, 211
207, 1770, 209
207, 1780, 212
207, 1790, 213
208, 1800, 212
208, 1810, 214
208, 1820, 213
208, 1830, 214
208, 1840, 213
208, 1850, 214
208, 1860, 213
209, 1870, 213
209, 1880, 213
210, 1890, 213
210, 1900, 215
210, 1910, 215
210, 1920, 215
211, 1930, 214
211, 1940, 215
213, 1950, 216
215, 1960, 218
215, 1970, 220
216, 1980, 221
216, 1990, 221
216, 2000, 221
216, 2010, 222
217, 2020, 221
217, 2030, 222
217, 2040, 221
217, 2050, 223
217, 2060, 223
217, 2070, 222
219, 2080, 222
219, 2090, 224
219, 2100, 224
220, 2110, 224
220, 2120, 226
220, 2130, 225
220, 2140, 225
220, 2150, 224
220, 2160, 225
220, 2170, 225
220, 2180, 224
220, 2190, 225
220, 2200, 224
220, 2210, 225
220, 2220, 225
220, 2230, 224
220, 2240, 225
221, 2250, 225
221, 2260, 226
221, 2270, 226
223, 2280, 225
224, 2290, 225
224, 2300, 226
224, 2310, 227
224, 2320, 227
225, 2330, 226
225, 2340, 227
227, 2350, 227
228, 2360, 230
228, 2370, 230
228, 2380, 230
228, 2390, 230
228, 2400, 230
228, 2410, 230
228, 2420, 230
228, 2430, 230
228, 2440, 230
228, 2450, 230
228, 2460, 230
228, 2470, 230
228, 2480, 230
228, 2490, 230
228, 2500, 230
228, 2510, 230
229, 2520, 230
229, 2530, 231
229, 2540, 231
229, 2550, 231
229, 2560, 231
229, 2570, 231
229, 2580, 231
230, 2590, 231
230, 2600, 232
230, 2610, 232
232, 2620, 232
233, 2630, 234
233, 2640, 235
233, 2650, 235
236, 2660, 235
236, 2670, 238
236, 2680, 238
236, 2690, 238
237, 2700, 238
238, 2710, 239
239, 2720, 240
239, 2730, 242
239, 2740, 242
239, 2750, 241
239, 2760, 242
241, 2770, 241
241, 2780, 243
241, 2790, 244
241, 2800, 244
241, 2810, 243
241, 2820, 244
241, 2830, 243
241, 2840, 243
241, 2850, 244
241, 2860, 243
242, 2870, 244
242, 2880, 245
242, 2890, 244
242, 2900, 245
242, 2910, 245
242, 2920, 245
242, 2930, 245
242, 2940, 245
242, 2950, 245
242, 2960, 245
242, 2970, 245
242, 2980, 245
242, 2990, 245
242, 3000, 244
242, 3010, 244
242, 3020, 244
242, 3030, 244
242, 3040, 244
242, 3050, 244
242, 3060, 244
242, 3070, 244
242, 3080, 244
242, 3090, 244
242, 3100, 244
242, 3110, 244
242, 3120, 244
242, 3130, 244
242, 3140, 244
242, 3150, 244
242, 3160, 244
242, 3170, 244
242, 3180, 244
242, 3190, 244
242, 3200, 244
242, 3210, 244
242, 3220, 244
242, 3230, 244
242, 3240, 244
242, 3250, 244
242, 3260, 244
242, 3270, 244
242, 3280, 244
243, 3290, 244
243, 3300, 245
243, 3310, 245
243, 3320, 245
243, 3330, 245
244, 3340, 245
245, 3350, 246
245, 3360, 247
246, 3370, 247
246, 3380, 248
246, 3390, 248
246, 3400, 248
246, 3410, 248
246, 3420, 248
246, 3430, 248
246, 3440, 248
246, 3450, 248
246, 3460, 248
246, 3470, 248
246, 3480, 248
246, 3490, 248
247, 3500, 248
248, 3510, 249
249, 3520, 250
249, 3530, 251
249, 3540, 252
249, 3550, 251
249, 3560, 252
249, 3570, 252
249, 3580, 252
249, 3590, 252
249, 3600, 251
249, 3610, 252
249, 3620, 251
249, 3630, 252
249, 3640, 251
249, 3650, 251
249, 3660, 251
249, 3670, 251
249, 3680, 251
249, 3690, 251
249, 3700, 251
249, 3710, 251
249, 3720, 251
249, 3730, 251
249, 3740, 251
249, 3750, 251
249, 3760, 251
249, 3770, 251
249, 3780, 251
249, 3790, 251
249, 3800, 251
249, 3810, 251
249, 3820, 251
249, 3830, 251
249, 3840, 251
249, 3850, 251
249, 3860, 251
249, 3870, 251
249, 3880, 251
249, 3890, 251
249, 3900, 251
249, 3910, 250
249, 3920, 251
249, 3930, 251
249, 3940, 251
249, 3950, 251
249, 3960, 251
249, 3970, 251
249, 3980, 251
249, 3990, 251
249, 4000, 251
249, 4010, 250
249, 4020, 250
249, 4030, 251
249, 4040, 251
249, 4050, 251
249, 4060, 251
249, 4070, 251
249, 4080, 251
249, 4090, 251
249, 4100, 251
249, 4110, 251
249, 4120, 251
249, 4130, 251
249, 4140, 251
249, 4150, 250
249, 4160, 250
249, 4170, 251
249, 4180, 251
249, 4190, 251
249, 4200, 251
249, 4210, 251
249, 4220, 250
249, 4230, 251
249, 4240, 250
249, 4250, 251
249, 4260, 250
249, 4270, 251
249, 4280, 251
249, 4290, 250
249, 4300, 250
249, 4310, 251
249, 4320, 250
249, 4330, 250
249, 4340, 251
249, 4350, 250
249, 4360, 250
249, 4370, 251
249, 4380, 250
249, 4390, 250
249, 4400, 250
249, 4410, 251
249, 4420, 251
249, 4430, 250
249, 4440, 251
249, 4450, 250
249, 4460, 251
249, 4470, 250
249, 4480, 251
249, 4490, 250
249, 4500, 251
249, 4510, 251
249, 4520, 250
249, 4530, 250
249, 4540, 250
249, 4550, 250
249, 4560, 250
249, 4570, 250
249, 4580, 250
249, 4590, 250
249, 4600, 251
249, 4610, 250
249, 4620, 250
249, 4630, 251
249, 4640, 250
249, 4650, 250
249, 4660, 250
249, 4670, 251
249, 4680, 250
249, 4690, 250
249, 4700, 250
249, 4710, 250
249, 4720, 250
249, 4730, 250
249, 4740, 250
249, 4750, 250
249, 4760, 250
249, 4770, 250
249, 4780, 250
249, 4790, 250
249, 4800, 250
249, 4810, 250
249, 4820, 250
249, 4830, 250
249, 4840, 250
249, 4850, 250
249, 4860, 251
249, 4870, 250
249, 4880, 250
249, 4890, 250
249, 4900, 250
249, 4910, 250
249, 4920, 250
249, 4930, 250
249, 4940, 250
249, 4950, 250
249, 4960, 250
249, 4970, 250
249, 4980, 250
249, 4990, 250
249, 5000, 250
249, 5010, 250
249, 5020, 250
249, 5030, 250
249, 5040, 250
249, 5050, 250
249, 5060, 250
249, 5070, 250
249, 5080, 250
249, 5090, 250
249, 5100, 250
249, 5110, 250
249, 5120, 250
249, 5130, 250
249, 5140, 250
249, 5150, 250
249, 5160, 250
249, 5170, 250
249, 5180, 251
249, 5190, 251
249, 5200, 251
249, 5210, 251
249, 5220, 251
249, 5230, 251
249, 5240, 251
249, 5250, 251
249, 5260, 251
249, 5270, 251
249, 5280, 251
249, 5290, 251
249, 5300, 251
249, 5310, 251
249, 5320, 251
249, 5330, 251
249, 5340, 251
249, 5350, 251
249, 5360, 251
249, 5370, 251
249, 5380, 251
249, 5390, 251
249, 5400, 251
249, 5410, 251
249, 5420, 251
249, 5430, 251
249, 5440, 251
249, 5450, 251
249, 5460, 251
249, 5470, 251
249, 5480, 251
249, 5490, 250
249, 5500, 250
249, 5510, 250
249, 5520, 250
249, 5530, 250
249, 5540, 250
249, 5550, 250
249, 5560, 250
249, 5570, 250
249, 5580, 250
249, 5590, 250
249, 5600, 250
249, 5610, 250
249, 5620, 250
249, 5630, 250
249, 5640, 250
249, 5650, 250
249, 5660, 250
249, 5670, 250
249, 5680, 250
249, 5690, 250
249, 5700, 250
249, 5710, 250
249, 5720, 250
249, 5730, 250
249, 5740, 250
249, 5750, 249
249, 5760, 249
249, 5770, 249
249, 5780, 249
249, 5790, 249
249, 5800, 249
249, 5810, 249
249, 5820, 249
249, 5830, 249
249, 5840, 249
249, 5850, 249
249, 5860, 249
249, 5870, 250
249, 5880, 250
249, 5890, 250
249, 5900, 250
249, 5910, 250
249, 5920, 250
249, 5930, 250
249, 5940, 250
249, 5950, 250
249, 5960, 250
249, 5970, 250
249, 5980, 249
249, 5990, 249
249, 6000, 249
249, 6010, 249
249, 6020, 249
249, 6030, 250
249, 6040, 250
249, 6050, 250
249, 6060, 250
249, 6070, 250
249, 6080, 250
249, 6090, 251
249, 6100, 252
249, 6110, 252
249, 6120, 252
249, 6130, 253
249, 6140, 259
249, 6150, 261
249, 6160, 265
249, 6170, 261
249, 6180, 265
249, 6190, 262
249, 6200, 257
249, 6210, 261
249, 6220, 260
249, 6230, 263
249, 6240, 268
249, 6250, 274
249, 6260, 278
249, 6270, 281
249, 6280, 279
249, 6290, 282
249, 6300, 285
249, 6310, 281
249, 6320, 277
249, 6330, 274
249, 6340, 270
249, 6350, 269
249, 6360, 270
249, 6370, 270
249, 6380, 270
249, 6390, 270
249, 6400, 271
249, 6410, 271
249, 6420, 271
249, 6430, 269
249, 6440, 262
249, 6450, 259
249, 6460, 259
249, 6470, 258
249, 6480, 256
249, 6490, 255
249, 6500, 254
249, 6510, 253
249, 6520, 254
249, 6530, 254
249, 6540, 253
249, 6550, 253
249, 6560, 251
249, 6570, 251
249, 6580, 251
249, 6590, 250
249, 6600, 250
249, 6610, 250
249, 6620, 250
249, 6630, 250
249, 6640, 250
249, 6650, 250
249, 6660, 251
249, 6670, 251
249, 6680, 250
249, 6690, 250
249, 6700, 250
249, 6710, 250
249, 6720, 250
249, 6730, 249
249, 6740, 249
249, 6750, 249
249, 6760, 249
249, 6770, 249
249, 6780, 249
249, 6790, 249
249, 6800, 249
249, 6810, 249
249, 6820, 249
249, 6830, 249
249, 6840, 249
249, 6850, 249
249, 6860, 249
249, 6870, 249
249, 6880, 249
249, 6890, 249
249, 6900, 249
249, 6910, 249
249, 6920, 249
249, 6930, 249
249, 6940, 249
249, 6950, 249
249, 6960, 249
249, 6970, 249
249, 6980, 249
249, 6990, 249
249, 7000, 250
249, 7010, 250
249, 7020, 250
249, 7030, 250
249, 7040, 250
249, 7050, 250
249, 7060, 250
249, 7070, 250
249, 7080, 250
249, 7090, 250
249, 7100, 249
249, 7110, 249
249, 7120, 249
249, 7130, 250
249, 7140, 250
249, 7150, 250
249, 7160, 250
249, 7170, 251
249, 7180, 253
250, 7190, 252
250, 7200, 293
250, 7210, 273
250, 7220, 258
250, 7230, 258
250, 7240, 257
250, 7250, 257
250, 7260, 262
250, 7270, 262
250, 7280, 261
250, 7290, 261
250, 7300, 261
250, 7310, 260
250, 7320, 260
250, 7330, 260
250, 7340, 260
250, 7350, 260
250, 7360, 260
250, 7370, 260
250, 7380, 261
250, 7390, 261
250, 7400, 262
250, 7410, 261
250, 7420, 261
250, 7430, 262
250, 7440, 262
250, 7450, 262
250, 7460, 261
250, 7470, 261
250, 7480, 261
250, 7490, 266
250, 7500, 266
250, 7510, 266
250, 7520, 265
250, 7530, 265
250, 7540, 265
250, 7550, 265
250, 7560, 260
250, 7570, 260
250, 7580, 259
250, 7590, 254
250, 7600, 254
250, 7610, 254
250, 7620, 254
250, 7630, 254
250, 7640, 254
250, 7650, 254
250, 7660, 253
250, 7670, 256
250, 7680, 259
250, 7690, 259
250, 7700, 259
250, 7710, 259
250, 7720, 258
250, 7730, 258
250, 7740, 256
250, 7750, 256
250, 7760, 255
250, 7770, 255
250, 7780, 255
250, 7790, 255
250, 7800, 255
250, 7810, 257
250, 7820, 259
250, 7830, 258
250, 7840, 338
250, 7850, 333
250, 7860, 260
250, 7870, 259
250, 7880, 282
250, 7890, 281
250, 7900, 281
250, 7910, 265
250, 7920, 255
250, 7930, 255
250, 7940, 255
250, 7950, 254
250, 7960, 254
250, 7970, 254
250, 7980, 254
250, 7990, 255
250, 8000, 256
250, 8010, 255
250, 8020, 256
250, 8030, 256
250, 8040, 253
250, 8050, 253
250, 8060, 253
250, 8070, 252
250, 8080, 252
250, 8090, 252
250, 8100, 252
250, 8110, 253
250, 8120, 254
250, 8130, 254
250, 8140, 253
250, 8150, 257
250, 8160, 262
250, 8170, 257
250, 8180, 253
250, 8190, 253
250, 8200, 257
250, 8210, 257
250, 8220, 256
250, 8230, 253
250, 8240, 252
250, 8250, 252
250, 8260, 254
250, 8270, 253
250, 8280, 252
250, 8290, 252
250, 8300, 252
250, 8310, 253
250, 8320, 252
250, 8330, 252
250, 8340, 252
250, 8350, 252
250, 8360, 252
250, 8370, 254
250, 8380, 254
250, 8390, 251
250, 8400, 251
250, 8410, 251
250, 8420, 251
250, 8430, 251
250, 8440, 251
250, 8450, 251
250, 8460, 251
250, 8470, 251
250, 8480, 251
250, 8490, 251
250, 8500, 251
250, 8510, 250
250, 8520, 250
250, 8530, 250
250, 8540, 250
250, 8550, 250
250, 8560, 250
250, 8570, 251
250, 8580, 250
250, 8590, 250
250, 8600, 250
250, 8610, 250
250, 8620, 250
250, 8630, 250
250, 8640, 250
250, 8650, 250
250, 8660, 250
250, 8670, 250
250, 8680, 250
250, 8690, 250
250, 8700, 250
250, 8710, 250
250, 8720, 250
250, 8730, 250
250, 8740, 250
250, 8750, 250
250, 8760, 250
250, 8770, 250
250, 8780, 250
250, 8790, 250
250, 8800, 250
250, 8810, 250
250, 8820, 250
250, 8830, 250
250, 8840, 250
250, 8850, 250
250, 8860, 250
250, 8870, 250
250, 8880, 250
250, 8890, 250
250, 8900, 250
250, 8910, 250
250, 8920, 250
250, 8930, 250
250, 8940, 250
250, 8950, 250
250, 8960, 250
250, 8970, 250
250, 8980, 250
250, 8990, 250
250, 9000, 250
250, 9010, 250
250, 9020, 250
250, 9030, 250
250, 9040, 250
250, 9050, 250
250, 9060, 250
250, 9070, 250
250, 9080, 250
250, 9090, 250
250, 9100, 250
250, 9110, 250
250, 9120, 250
250, 9130, 250
251, 9140, 250
252, 9150, 252
254, 9160, 253
255, 9170, 255
256, 9180, 256

------------------------------------------------------------
Sender: LSF System <lsfadmin@n2e5-13>
Subject: Job 248270: </share/tjmenzie/zyu9/miniconda2/bin/python2.7 runner.py exp_HPC 6> in cluster <henry2> Done

Job </share/tjmenzie/zyu9/miniconda2/bin/python2.7 runner.py exp_HPC 6> was submitted from host <login01> by user <zyu9> in cluster <henry2> at Sat Mar 16 09:20:05 2019.
Job was executed on host(s) <2*n2e5-13>, in queue <single_chassis>, as user <zyu9> in cluster <henry2> at Sat Mar 16 09:20:08 2019.
</home/zyu9> was used as the home directory.
</home/zyu9/projects/Better-Est/src> was used as the working directory.
Started at Sat Mar 16 09:20:08 2019.
Terminated at Sat Mar 16 18:04:28 2019.
Results reported at Sat Mar 16 18:04:28 2019.

Your job looked like:

------------------------------------------------------------
# LSBATCH: User input
/share/tjmenzie/zyu9/miniconda2/bin/python2.7 runner.py exp_HPC 6
------------------------------------------------------------

Successfully completed.

Resource usage summary:

    CPU time :                                   34269.91 sec.
    Max Memory :                                 398.55 MB
    Average Memory :                             160.59 MB
    Total Requested Memory :                     -
    Delta Memory :                               -
    Max Swap :                                   1453 MB
    Max Processes :                              3
    Max Threads :                                11
    Run time :                                   31470 sec.
    Turnaround time :                            31463 sec.

The output (if any) is above this job summary.



PS:

Read file <./err/6.err.248270> for stderr output of this job.

