0, 0, 157
6, 10, 157
12, 20, 161
21, 30, 164
27, 40, 169
36, 50, 172
44, 60, 177
48, 70, 180
55, 80, 181
62, 90, 184
66, 100, 189
72, 110, 189
76, 120, 192
85, 130, 193
89, 140, 198
93, 150, 199
96, 160, 200
101, 170, 200
105, 180, 202
109, 190, 204
115, 200, 203
121, 210, 206
128, 220, 209
128, 230, 214
128, 240, 214
128, 250, 214
128, 260, 214
128, 270, 214
128, 280, 214
128, 290, 213
128, 300, 213
128, 310, 213
128, 320, 213
128, 330, 213
128, 340, 213
128, 350, 213
128, 360, 213
128, 370, 213
128, 380, 213
128, 390, 213
128, 400, 213
128, 410, 212
128, 420, 212
128, 430, 212
128, 440, 212
128, 450, 212
128, 460, 212
128, 470, 212
128, 480, 212
128, 490, 212
128, 500, 212
128, 510, 211
128, 520, 211
128, 530, 211
128, 540, 210
128, 550, 210
128, 560, 210
128, 570, 210
128, 580, 210
128, 590, 210
128, 600, 210
128, 610, 210
128, 620, 210
128, 630, 210
128, 640, 209
128, 650, 209
128, 660, 209
128, 670, 209
128, 680, 209
128, 690, 209
128, 700, 209
128, 710, 209
128, 720, 209
128, 730, 208
128, 740, 208
128, 750, 208
128, 760, 208
128, 770, 208
128, 780, 208
128, 790, 208
128, 800, 208
128, 810, 208
128, 820, 208
128, 830, 208
128, 840, 208
128, 850, 208
128, 860, 207
128, 870, 207
128, 880, 207
128, 890, 207
128, 900, 207
128, 910, 207
128, 920, 207
128, 930, 207
128, 940, 207
128, 950, 207
128, 960, 207
128, 970, 207
128, 980, 206
128, 990, 206
128, 1000, 206
128, 1010, 206
128, 1020, 206
128, 1030, 206
128, 1040, 206
128, 1050, 206
128, 1060, 205
128, 1070, 205
128, 1080, 205
128, 1090, 205
128, 1100, 205
128, 1110, 205
128, 1120, 205
128, 1130, 205
128, 1140, 204
128, 1150, 204
128, 1160, 204
128, 1170, 204
128, 1180, 204
128, 1190, 204
128, 1200, 204
128, 1210, 204
128, 1220, 204
128, 1230, 204
128, 1240, 204
128, 1250, 204
128, 1260, 204
128, 1270, 203
128, 1280, 203
128, 1290, 203
128, 1300, 203
128, 1310, 203
128, 1320, 203
128, 1330, 203
128, 1340, 203
128, 1350, 203
128, 1360, 203
128, 1370, 202
128, 1380, 202
128, 1390, 202
128, 1400, 202
128, 1410, 202
128, 1420, 202
128, 1430, 202
128, 1440, 202
128, 1450, 202
128, 1460, 202
128, 1470, 202
128, 1480, 201
128, 1490, 201
128, 1500, 201
128, 1510, 201
128, 1520, 201
128, 1530, 201
128, 1540, 200
128, 1550, 200
128, 1560, 200
128, 1570, 200
128, 1580, 200
128, 1590, 200
128, 1600, 200
128, 1610, 200
128, 1620, 200
128, 1630, 200
128, 1640, 200
128, 1650, 200
128, 1660, 200
128, 1670, 200
128, 1680, 199
128, 1690, 199
128, 1700, 199
128, 1710, 199
128, 1720, 199
128, 1730, 199
128, 1740, 199
128, 1750, 199
128, 1760, 199
128, 1770, 199
128, 1780, 199
128, 1790, 199
128, 1800, 199
128, 1810, 199
128, 1820, 199
128, 1830, 199
128, 1840, 199
128, 1850, 199
128, 1860, 199
128, 1870, 199
128, 1880, 199
128, 1890, 198
128, 1900, 198
128, 1910, 198
128, 1920, 198
128, 1930, 198
128, 1940, 198
128, 1950, 198
128, 1960, 198
128, 1970, 198
128, 1980, 198
128, 1990, 198
128, 2000, 198
128, 2010, 198
128, 2020, 198
128, 2030, 197
128, 2040, 197
128, 2050, 197
128, 2060, 197
128, 2070, 197
128, 2080, 197
128, 2090, 197
128, 2100, 197
128, 2110, 197
128, 2120, 197
128, 2130, 196
128, 2140, 196
128, 2150, 196
128, 2160, 196
128, 2170, 196
128, 2180, 196
128, 2190, 196
128, 2200, 196
128, 2210, 196
128, 2220, 196
128, 2230, 196
128, 2240, 196
128, 2250, 196
128, 2260, 196
128, 2270, 196
128, 2280, 196
128, 2290, 195
128, 2300, 195
128, 2310, 195
128, 2320, 195
128, 2330, 195
128, 2340, 195
128, 2350, 195
128, 2360, 195
128, 2370, 195
128, 2380, 195
128, 2390, 195
128, 2400, 195
128, 2410, 194
128, 2420, 194
128, 2430, 194
128, 2440, 194
128, 2450, 194
128, 2460, 194
128, 2470, 194
128, 2480, 194
128, 2490, 194
128, 2500, 194
128, 2510, 194
128, 2520, 194
128, 2530, 193
128, 2540, 193
128, 2550, 193
128, 2560, 193
128, 2570, 193
128, 2580, 193
128, 2590, 193
128, 2600, 193
128, 2610, 193
128, 2620, 193
128, 2630, 193
128, 2640, 193
128, 2650, 193
128, 2660, 193
128, 2670, 192
128, 2680, 192
128, 2690, 192
128, 2700, 192
128, 2710, 192
128, 2720, 192
128, 2730, 192
128, 2740, 192
128, 2750, 192
128, 2760, 192
128, 2770, 192
128, 2780, 192
128, 2790, 192
128, 2800, 191
128, 2810, 191
128, 2820, 191
128, 2830, 191
128, 2840, 191
128, 2850, 191
128, 2860, 191
128, 2870, 191
128, 2880, 191
128, 2890, 190
128, 2900, 190
128, 2910, 190
128, 2920, 190
128, 2930, 190
128, 2940, 190
128, 2950, 190
128, 2960, 190
128, 2970, 190
128, 2980, 190
128, 2990, 190
128, 3000, 190
128, 3010, 190
128, 3020, 190
128, 3030, 190
128, 3040, 189
128, 3050, 189
128, 3060, 189
128, 3070, 189
128, 3080, 189
128, 3090, 189
128, 3100, 189
128, 3110, 189
128, 3120, 189
128, 3130, 189
128, 3140, 189
128, 3150, 189
128, 3160, 189
128, 3170, 189
128, 3180, 189
128, 3190, 189
128, 3200, 189
128, 3210, 188
128, 3220, 188
128, 3230, 188
128, 3240, 188
128, 3250, 188
128, 3260, 188
128, 3270, 188
128, 3280, 188
128, 3290, 188
128, 3300, 187
128, 3310, 187
128, 3320, 187
128, 3330, 187
128, 3340, 187
128, 3350, 187
128, 3360, 187
128, 3370, 187
128, 3380, 187
128, 3390, 187
128, 3400, 186
128, 3410, 186
128, 3420, 186
128, 3430, 186
128, 3440, 186
128, 3450, 186
128, 3460, 186
128, 3470, 186
128, 3480, 186
128, 3490, 186
128, 3500, 186
128, 3510, 185
128, 3520, 185
128, 3530, 185
128, 3540, 185
128, 3550, 185
128, 3560, 185
128, 3570, 185
128, 3580, 185
128, 3590, 185
128, 3600, 185
128, 3610, 185
128, 3620, 185
128, 3630, 185
128, 3640, 184
128, 3650, 184
128, 3660, 184
128, 3670, 184
128, 3680, 184
128, 3690, 184
128, 3700, 184
128, 3710, 184
128, 3720, 184
128, 3730, 184
128, 3740, 184
128, 3750, 184
128, 3760, 184
128, 3770, 184
128, 3780, 183
128, 3790, 183
128, 3800, 183
128, 3810, 183
128, 3820, 183
128, 3830, 183
128, 3840, 183
128, 3850, 183
128, 3860, 183
128, 3870, 182
128, 3880, 182
128, 3890, 182
128, 3900, 182
128, 3910, 182
128, 3920, 182
128, 3930, 182
128, 3940, 181
128, 3950, 181
128, 3960, 181
128, 3970, 181
128, 3980, 181
128, 3990, 181
128, 4000, 181
128, 4010, 181
128, 4020, 181
128, 4030, 181
128, 4040, 181
128, 4050, 181
128, 4060, 181
128, 4070, 181
128, 4080, 180
128, 4090, 180
128, 4100, 180
128, 4110, 180
128, 4120, 180
128, 4130, 180
128, 4140, 180
128, 4150, 180
128, 4160, 180
128, 4170, 180
128, 4180, 180
128, 4190, 179
128, 4200, 179
128, 4210, 179
128, 4220, 179
128, 4230, 179
128, 4240, 179
128, 4250, 179
128, 4260, 179
128, 4270, 179
128, 4280, 179
128, 4290, 179
128, 4300, 179
128, 4310, 179
128, 4320, 179
128, 4330, 178
128, 4340, 178
128, 4350, 178
128, 4360, 178
128, 4370, 178
128, 4380, 178
128, 4390, 178
128, 4400, 178
128, 4410, 178
128, 4420, 178
128, 4430, 177
128, 4440, 177
128, 4450, 177
128, 4460, 177
128, 4470, 177
128, 4480, 177
128, 4490, 177
128, 4500, 177
128, 4510, 176
128, 4520, 176
128, 4530, 176
128, 4540, 176
128, 4550, 176
128, 4560, 176
128, 4570, 176
128, 4580, 176
128, 4590, 176
128, 4600, 176
128, 4610, 175
128, 4620, 175
128, 4630, 175
128, 4640, 175
128, 4650, 175
128, 4660, 175
128, 4670, 175
128, 4680, 175
128, 4690, 175
128, 4700, 175
128, 4710, 174
128, 4720, 174
128, 4730, 174
128, 4740, 174
128, 4750, 174
128, 4760, 174
128, 4770, 174
128, 4780, 174
128, 4790, 174
128, 4800, 174
128, 4810, 173
128, 4820, 173
128, 4830, 173
128, 4840, 173
128, 4850, 173
128, 4860, 173
128, 4870, 173
128, 4880, 173
128, 4890, 172
128, 4900, 172
128, 4910, 172
128, 4920, 172
128, 4930, 172
128, 4940, 172
128, 4950, 172
128, 4960, 172
128, 4970, 172
128, 4980, 172
128, 4990, 172
128, 5000, 172
128, 5010, 171
128, 5020, 171
128, 5030, 171
128, 5040, 171
128, 5050, 171
128, 5060, 171
128, 5070, 171
128, 5080, 171
128, 5090, 171
128, 5100, 171
128, 5110, 171
128, 5120, 170
128, 5130, 170
128, 5140, 170
128, 5150, 170
128, 5160, 170
128, 5170, 170
128, 5180, 170
128, 5190, 170
128, 5200, 170
128, 5210, 169
128, 5220, 169
128, 5230, 169
128, 5240, 169
128, 5250, 169
128, 5260, 169
128, 5270, 169
128, 5280, 169
128, 5290, 169
128, 5300, 169
128, 5310, 169
128, 5320, 169
128, 5330, 169
128, 5340, 169
128, 5350, 168
128, 5360, 168
128, 5370, 168
128, 5380, 168
128, 5390, 168
128, 5400, 168
128, 5410, 168
128, 5420, 168
128, 5430, 168
128, 5440, 168
128, 5450, 168
128, 5460, 168
128, 5470, 168
128, 5480, 168
128, 5490, 167
128, 5500, 167
128, 5510, 167
128, 5520, 167
128, 5530, 167
128, 5540, 167
128, 5550, 167
128, 5560, 167
128, 5570, 167
128, 5580, 167
128, 5590, 167
128, 5600, 167
128, 5610, 167
128, 5620, 166
128, 5630, 166
128, 5640, 166
128, 5650, 166
128, 5660, 166
128, 5670, 166
128, 5680, 166
128, 5690, 166
128, 5700, 166
128, 5710, 166
128, 5720, 166
128, 5730, 166
128, 5740, 166
128, 5750, 166
128, 5760, 166
128, 5770, 166
128, 5780, 166
128, 5790, 165
128, 5800, 165
128, 5810, 165
128, 5820, 165
128, 5830, 165
128, 5840, 165
128, 5850, 165
128, 5860, 165
128, 5870, 165
128, 5880, 165
128, 5890, 164
128, 5900, 164
128, 5910, 164
128, 5920, 164
128, 5930, 164
128, 5940, 164
128, 5950, 164
128, 5960, 164
128, 5970, 163
128, 5980, 163
128, 5990, 163
128, 6000, 163
128, 6010, 163
128, 6020, 163
128, 6030, 163
128, 6040, 163
128, 6050, 163
128, 6060, 163
128, 6070, 163
128, 6080, 162
128, 6090, 162
128, 6100, 162
128, 6110, 162
128, 6120, 162
128, 6130, 162
128, 6140, 162
128, 6150, 162
128, 6160, 162
128, 6170, 161
128, 6180, 161
128, 6190, 161
128, 6200, 161
128, 6210, 161
128, 6220, 161
128, 6230, 161
128, 6240, 161
128, 6250, 161
128, 6260, 161
128, 6270, 161
128, 6280, 160
128, 6290, 160
128, 6300, 160
128, 6310, 160
128, 6320, 160
128, 6330, 160
128, 6340, 160
128, 6350, 160
128, 6360, 160
128, 6370, 160
128, 6380, 160
128, 6390, 160
128, 6400, 159
128, 6410, 159
128, 6420, 159
128, 6430, 159
128, 6440, 159
128, 6450, 159
128, 6460, 159
128, 6470, 158
128, 6480, 158
128, 6490, 158
128, 6500, 158
128, 6510, 158
128, 6520, 158
128, 6530, 158
128, 6540, 158
128, 6550, 157
128, 6560, 157
128, 6570, 157
128, 6580, 157
128, 6590, 157
128, 6600, 157
128, 6610, 157
128, 6620, 157
128, 6630, 157
128, 6640, 157
128, 6650, 157
128, 6660, 157
128, 6670, 157
128, 6680, 156
128, 6690, 156
128, 6700, 156
128, 6710, 156
128, 6720, 156
128, 6730, 156
128, 6740, 156
128, 6750, 156
128, 6760, 156
128, 6770, 155
128, 6780, 155
128, 6790, 155
128, 6800, 155
128, 6810, 155
128, 6820, 155
128, 6830, 155
128, 6840, 155
128, 6850, 155
128, 6860, 155
128, 6870, 155
128, 6880, 155
128, 6890, 154
128, 6900, 154
128, 6910, 154
128, 6920, 154
128, 6930, 154
128, 6940, 154
128, 6950, 154
128, 6960, 154
128, 6970, 154
128, 6980, 154
128, 6990, 154
128, 7000, 153
128, 7010, 153
128, 7020, 153
128, 7030, 153
128, 7040, 153
128, 7050, 153
128, 7060, 153
128, 7070, 153
128, 7080, 153
128, 7090, 153
128, 7100, 152
128, 7110, 152
128, 7120, 152
128, 7130, 152
128, 7140, 152
128, 7150, 152
128, 7160, 152
128, 7170, 152
128, 7180, 151
128, 7190, 151
128, 7200, 151
128, 7210, 151
128, 7220, 151
128, 7230, 151
128, 7240, 151
128, 7250, 151
128, 7260, 151
128, 7270, 151
128, 7280, 150
128, 7290, 150
128, 7300, 150
128, 7310, 150
128, 7320, 150
128, 7330, 150
128, 7340, 150
128, 7350, 150
128, 7360, 150
128, 7370, 150
128, 7380, 150
128, 7390, 149
128, 7400, 149
128, 7410, 149
128, 7420, 149
128, 7430, 149
128, 7440, 149
128, 7450, 149
128, 7460, 149
128, 7470, 149
128, 7480, 149
128, 7490, 149
128, 7500, 148
128, 7510, 148
128, 7520, 148
128, 7530, 148
128, 7540, 148
128, 7550, 148
128, 7560, 148
128, 7570, 148
128, 7580, 148
128, 7590, 148
128, 7600, 148
128, 7610, 148
128, 7620, 148
128, 7630, 147
128, 7640, 147
128, 7650, 147
128, 7660, 147
128, 7670, 147
128, 7680, 147
128, 7690, 147
128, 7700, 147
128, 7710, 147
128, 7720, 147
128, 7730, 147
128, 7740, 147
128, 7750, 147
128, 7760, 146
128, 7770, 146
128, 7780, 146
128, 7790, 146
128, 7800, 146
128, 7810, 146
128, 7820, 146
128, 7830, 146
128, 7840, 146
128, 7850, 146
128, 7860, 146
128, 7870, 146
128, 7880, 146
128, 7890, 145
128, 7900, 145
128, 7910, 145
128, 7920, 145
128, 7930, 145
128, 7940, 145
128, 7950, 145
128, 7960, 145
128, 7970, 145
128, 7980, 145
128, 7990, 145
128, 8000, 145
128, 8010, 145
128, 8020, 145
128, 8030, 145
128, 8040, 144
128, 8050, 144
128, 8060, 144
128, 8070, 144
128, 8080, 144
128, 8090, 144
128, 8100, 144
128, 8110, 144
128, 8120, 144
128, 8130, 144
128, 8140, 144
128, 8150, 144
128, 8160, 144
128, 8170, 143
128, 8180, 143
128, 8190, 143
128, 8200, 143
128, 8210, 143
128, 8220, 143
128, 8230, 143
128, 8240, 143
128, 8250, 143
128, 8260, 143
128, 8270, 143
128, 8280, 143
128, 8290, 143
128, 8300, 143
128, 8310, 142
128, 8320, 142
128, 8330, 142
128, 8340, 142
128, 8350, 142
128, 8360, 142
128, 8370, 142
128, 8380, 142
128, 8390, 142
128, 8400, 142
128, 8410, 142
128, 8420, 141
128, 8430, 141
128, 8440, 141
128, 8450, 141
128, 8460, 141
128, 8470, 141
128, 8480, 141
128, 8490, 141
128, 8500, 141
128, 8510, 141
128, 8520, 141
128, 8530, 141
128, 8540, 141
128, 8550, 140
128, 8560, 140
128, 8570, 140
128, 8580, 140
128, 8590, 140
128, 8600, 140
128, 8610, 140
128, 8620, 140
128, 8630, 140
128, 8640, 140
128, 8650, 140
128, 8660, 140
128, 8670, 140
128, 8680, 140
128, 8690, 139
128, 8700, 139
128, 8710, 139
128, 8720, 139
128, 8730, 139
128, 8740, 139
128, 8750, 139
128, 8760, 139
128, 8770, 139
128, 8780, 139
128, 8790, 139
128, 8800, 139
128, 8810, 139
128, 8820, 139
128, 8830, 138
128, 8840, 138
128, 8850, 138
128, 8860, 138
128, 8870, 138
128, 8880, 138
128, 8890, 138
128, 8900, 138
128, 8910, 138
128, 8920, 138
128, 8930, 138
128, 8940, 138
128, 8950, 138
128, 8960, 137
128, 8970, 137
128, 8980, 137
128, 8990, 137
128, 9000, 137
128, 9010, 137
128, 9020, 137
128, 9030, 137
128, 9040, 137
128, 9050, 137
128, 9060, 137
128, 9070, 137
128, 9080, 137
128, 9090, 137
128, 9100, 137
128, 9110, 137
128, 9120, 136
128, 9130, 136
128, 9140, 136
128, 9150, 136
128, 9160, 136
128, 9170, 136
128, 9180, 136
128, 9190, 136
128, 9200, 136
128, 9210, 136
128, 9220, 136
128, 9230, 136
128, 9240, 136
128, 9250, 136
128, 9260, 136
128, 9270, 136
128, 9280, 135
128, 9290, 135
128, 9300, 135
128, 9310, 135
128, 9320, 135
128, 9330, 135
128, 9340, 135
128, 9350, 135
128, 9360, 135
128, 9370, 135
128, 9380, 135
128, 9390, 135
128, 9400, 135
128, 9410, 135
128, 9420, 135
128, 9430, 135
128, 9440, 135
128, 9450, 135
128, 9460, 135
128, 9470, 134
128, 9480, 134
128, 9490, 134
128, 9500, 134
128, 9510, 134
128, 9520, 134
128, 9530, 134
128, 9540, 134
128, 9550, 134
128, 9560, 134
128, 9570, 134
128, 9580, 134
128, 9590, 134
128, 9600, 134
128, 9610, 134
128, 9620, 134
128, 9630, 134
128, 9640, 134
128, 9650, 134
128, 9660, 134
128, 9670, 134
128, 9680, 134
128, 9690, 133
128, 9700, 133
128, 9710, 133
128, 9720, 133
128, 9730, 133
128, 9740, 133
128, 9750, 133
128, 9760, 133
128, 9770, 133
128, 9780, 133
128, 9790, 133
128, 9800, 133
128, 9810, 133
128, 9820, 132
128, 9830, 132
128, 9840, 132
129, 9850, 132
129, 9860, 133
129, 9870, 133
129, 9880, 133
129, 9890, 133
129, 9900, 133
129, 9910, 133
129, 9920, 133
129, 9930, 133
133, 9940, 133
135, 9950, 136
139, 9960, 138
142, 9970, 142
145, 9980, 145
148, 9990, 148
152, 10000, 151
155, 10010, 155
157, 10020, 158
161, 10030, 160
164, 10040, 164
167, 10050, 167
170, 10060, 170
170, 10070, 172
173, 10080, 172
176, 10090, 175
180, 10100, 178
184, 10110, 182
187, 10120, 186
191, 10130, 189
194, 10140, 193
198, 10150, 196
203, 10160, 199
206, 10170, 204
210, 10180, 207
213, 10190, 211
221, 10200, 214
225, 10210, 222
227, 10220, 225
229, 10230, 227
232, 10240, 229
235, 10250, 232
237, 10260, 235
238, 10270, 237
240, 10280, 238
246, 10290, 240
254, 10300, 246
255, 10310, 254
255, 10320, 255
256, 10322, 255
0, 0, 0
2, 10, 0
2, 20, 83
2, 30, 86
3, 40, 97
3, 50, 91
11, 60, 96
21, 70, 95
27, 80, 111
30, 90, 113
35, 100, 68
38, 110, 60
38, 120, 63
38, 130, 55
38, 140, 53
39, 150, 52
41, 160, 52
46, 170, 58
50, 180, 71
50, 190, 81
52, 200, 81
52, 210, 82
54, 220, 69
58, 230, 68
59, 240, 73
59, 250, 84
63, 260, 82
68, 270, 95
69, 280, 136
74, 290, 106
74, 300, 124
76, 310, 125
78, 320, 119
79, 330, 129
80, 340, 129
83, 350, 135
85, 360, 155
85, 370, 160
85, 380, 156
89, 390, 159
89, 400, 157
92, 410, 149
95, 420, 157
95, 430, 171
97, 440, 161
98, 450, 183
98, 460, 257
100, 470, 187
104, 480, 159
106, 490, 190
109, 500, 181
109, 510, 217
111, 520, 177
112, 530, 181
112, 540, 170
114, 550, 170
116, 560, 173
119, 570, 186
120, 580, 190
120, 590, 189
121, 600, 184
121, 610, 199
125, 620, 182
131, 630, 194
134, 640, 214
141, 650, 222
147, 660, 220
149, 670, 225
150, 680, 225
154, 690, 219
154, 700, 225
155, 710, 217
156, 720, 220
157, 730, 226
159, 740, 223
162, 750, 221
165, 760, 224
168, 770, 234
168, 780, 236
171, 790, 233
172, 800, 237
172, 810, 241
172, 820, 236
173, 830, 240
173, 840, 232
173, 850, 231
176, 860, 226
179, 870, 236
180, 880, 238
180, 890, 239
180, 900, 234
181, 910, 230
181, 920, 233
181, 930, 253
181, 940, 229
184, 950, 223
184, 960, 230
184, 970, 228
184, 980, 222
186, 990, 216
187, 1000, 220
189, 1010, 219
190, 1020, 224
190, 1030, 224
190, 1040, 225
191, 1050, 222
191, 1060, 223
191, 1070, 227
191, 1080, 226
191, 1090, 229
191, 1100, 229
192, 1110, 226
194, 1120, 226
195, 1130, 226
195, 1140, 228
196, 1150, 223
196, 1160, 223
198, 1170, 224
199, 1180, 225
200, 1190, 228
203, 1200, 227
204, 1210, 232
205, 1220, 232
205, 1230, 230
205, 1240, 233
205, 1250, 232
205, 1260, 233
205, 1270, 229
205, 1280, 229
205, 1290, 229
205, 1300, 226
206, 1310, 225
206, 1320, 227
212, 1330, 226
213, 1340, 236
213, 1350, 242
213, 1360, 235
214, 1370, 239
214, 1380, 238
214, 1390, 236
214, 1400, 235
214, 1410, 233
214, 1420, 233
215, 1430, 228
215, 1440, 231
215, 1450, 231
215, 1460, 229
215, 1470, 231
215, 1480, 232
216, 1490, 231
216, 1500, 229
216, 1510, 229
216, 1520, 229
217, 1530, 230
219, 1540, 232
220, 1550, 234
220, 1560, 234
220, 1570, 234
220, 1580, 234
221, 1590, 234
221, 1600, 236
222, 1610, 236
222, 1620, 238
222, 1630, 237
224, 1640, 238
224, 1650, 239
224, 1660, 240
225, 1670, 240
227, 1680, 242
227, 1690, 243
227, 1700, 244
228, 1710, 244
228, 1720, 245
229, 1730, 244
229, 1740, 246
229, 1750, 245
229, 1760, 244
229, 1770, 245
229, 1780, 245
229, 1790, 245
229, 1800, 244
229, 1810, 246
229, 1820, 245
229, 1830, 245
229, 1840, 245
232, 1850, 245
232, 1860, 247
232, 1870, 246
232, 1880, 247
232, 1890, 247
232, 1900, 247
232, 1910, 247
232, 1920, 247
232, 1930, 245
232, 1940, 245
232, 1950, 245
232, 1960, 245
232, 1970, 245
232, 1980, 245
232, 1990, 245
232, 2000, 244
232, 2010, 245
232, 2020, 245
233, 2030, 243
233, 2040, 245
233, 2050, 245
233, 2060, 244
233, 2070, 245
233, 2080, 245
233, 2090, 244
233, 2100, 245
233, 2110, 245
233, 2120, 245
233, 2130, 244
233, 2140, 244
234, 2150, 244
234, 2160, 245
234, 2170, 246
235, 2180, 245
235, 2190, 248
235, 2200, 248
235, 2210, 249
235, 2220, 250
235, 2230, 251
235, 2240, 251
235, 2250, 251
235, 2260, 251
235, 2270, 249
235, 2280, 249
235, 2290, 248
235, 2300, 247
235, 2310, 247
235, 2320, 247
235, 2330, 247
235, 2340, 246
235, 2350, 246
235, 2360, 246
235, 2370, 246
235, 2380, 246
235, 2390, 245
235, 2400, 245
235, 2410, 245
235, 2420, 245
235, 2430, 245
235, 2440, 246
235, 2450, 245
235, 2460, 245
235, 2470, 247
235, 2480, 246
235, 2490, 246
235, 2500, 246
235, 2510, 245
235, 2520, 245
235, 2530, 245
235, 2540, 245
235, 2550, 246
235, 2560, 244
235, 2570, 244
235, 2580, 243
235, 2590, 244
235, 2600, 243
235, 2610, 246
235, 2620, 244
235, 2630, 245
235, 2640, 245
235, 2650, 245
235, 2660, 245
235, 2670, 243
235, 2680, 244
235, 2690, 243
235, 2700, 243
235, 2710, 243
236, 2720, 243
236, 2730, 243
236, 2740, 244
237, 2750, 243
238, 2760, 245
239, 2770, 246
239, 2780, 248
239, 2790, 248
239, 2800, 248
239, 2810, 247
240, 2820, 248
240, 2830, 249
240, 2840, 249
240, 2850, 249
240, 2860, 249
240, 2870, 249
240, 2880, 248
240, 2890, 248
240, 2900, 249
240, 2910, 249
240, 2920, 248
240, 2930, 249
240, 2940, 250
240, 2950, 249
240, 2960, 248
240, 2970, 248
240, 2980, 249
240, 2990, 249
240, 3000, 249
240, 3010, 249
240, 3020, 249
240, 3030, 249
240, 3040, 249
240, 3050, 248
240, 3060, 248
240, 3070, 248
240, 3080, 248
240, 3090, 249
240, 3100, 249
240, 3110, 249
240, 3120, 249
240, 3130, 249
240, 3140, 248
240, 3150, 248
240, 3160, 249
240, 3170, 248
240, 3180, 248
241, 3190, 249
241, 3200, 250
241, 3210, 249
241, 3220, 249
241, 3230, 249
241, 3240, 250
241, 3250, 249
241, 3260, 249
241, 3270, 249
241, 3280, 249
241, 3290, 249
241, 3300, 249
241, 3310, 249
241, 3320, 250
241, 3330, 249
241, 3340, 250
241, 3350, 249
241, 3360, 250
241, 3370, 249
241, 3380, 249
241, 3390, 250
241, 3400, 250
241, 3410, 250
241, 3420, 251
241, 3430, 250
241, 3440, 250
241, 3450, 250
241, 3460, 250
241, 3470, 250
241, 3480, 249
241, 3490, 249
241, 3500, 249
241, 3510, 248
241, 3520, 248
241, 3530, 248
241, 3540, 248
241, 3550, 248
241, 3560, 248
241, 3570, 248
241, 3580, 247
241, 3590, 248
241, 3600, 248
241, 3610, 248
241, 3620, 248
241, 3630, 247
241, 3640, 247
241, 3650, 247
242, 3660, 246
242, 3670, 248
242, 3680, 248
242, 3690, 248
242, 3700, 248
242, 3710, 247
242, 3720, 247
242, 3730, 248
242, 3740, 247
242, 3750, 247
242, 3760, 246
242, 3770, 246
242, 3780, 246
242, 3790, 246
242, 3800, 246
242, 3810, 246
242, 3820, 245
242, 3830, 246
242, 3840, 247
242, 3850, 247
242, 3860, 246
243, 3870, 246
243, 3880, 247
243, 3890, 247
243, 3900, 247
243, 3910, 247
243, 3920, 247
243, 3930, 247
243, 3940, 247
243, 3950, 247
243, 3960, 247
243, 3970, 247
243, 3980, 247
243, 3990, 247
243, 4000, 247
243, 4010, 248
243, 4020, 247
243, 4030, 247
243, 4040, 248
243, 4050, 248
243, 4060, 247
243, 4070, 247
243, 4080, 247
243, 4090, 247
243, 4100, 247
243, 4110, 247
243, 4120, 246
243, 4130, 247
243, 4140, 246
243, 4150, 247
243, 4160, 247
243, 4170, 247
243, 4180, 247
243, 4190, 247
243, 4200, 247
243, 4210, 247
243, 4220, 247
243, 4230, 247
243, 4240, 247
243, 4250, 247
243, 4260, 247
243, 4270, 247
243, 4280, 246
243, 4290, 247
243, 4300, 247
243, 4310, 246
243, 4320, 247
243, 4330, 247
243, 4340, 246
243, 4350, 247
243, 4360, 247
243, 4370, 247
243, 4380, 246
243, 4390, 246
243, 4400, 247
243, 4410, 246
243, 4420, 246
243, 4430, 246
243, 4440, 246
243, 4450, 246
243, 4460, 247
243, 4470, 247
243, 4480, 246
243, 4490, 246
243, 4500, 246
243, 4510, 246
243, 4520, 246
243, 4530, 246
243, 4540, 246
243, 4550, 245
243, 4560, 245
243, 4570, 245
243, 4580, 245
244, 4590, 245
244, 4600, 247
244, 4610, 247
244, 4620, 247
244, 4630, 246
244, 4640, 246
244, 4650, 246
244, 4660, 247
244, 4670, 247
244, 4680, 247
244, 4690, 247
244, 4700, 247
244, 4710, 247
244, 4720, 247
244, 4730, 247
244, 4740, 246
244, 4750, 247
244, 4760, 246
244, 4770, 247
244, 4780, 247
244, 4790, 247
244, 4800, 247
244, 4810, 247
244, 4820, 247
244, 4830, 247
244, 4840, 247
244, 4850, 247
244, 4860, 247
244, 4870, 247
244, 4880, 247
244, 4890, 246
244, 4900, 246
244, 4910, 246
244, 4920, 246
244, 4930, 246
244, 4940, 246
244, 4950, 246
244, 4960, 246
244, 4970, 246
244, 4980, 246
244, 4990, 246
244, 5000, 246
244, 5010, 246
244, 5020, 247
244, 5030, 246
244, 5040, 246
244, 5050, 246
244, 5060, 246
244, 5070, 246
244, 5080, 246
244, 5090, 246
244, 5100, 246
244, 5110, 246
244, 5120, 246
244, 5130, 246
244, 5140, 246
244, 5150, 246
244, 5160, 246
244, 5170, 246
244, 5180, 246
244, 5190, 246
244, 5200, 245
244, 5210, 246
244, 5220, 246
244, 5230, 246
244, 5240, 246
244, 5250, 246
244, 5260, 245
244, 5270, 245
244, 5280, 245
244, 5290, 246
244, 5300, 246
244, 5310, 246
244, 5320, 245
244, 5330, 245
244, 5340, 245
244, 5350, 245
244, 5360, 246
244, 5370, 245
244, 5380, 246
244, 5390, 246
244, 5400, 246
244, 5410, 246
245, 5420, 246
245, 5430, 247
245, 5440, 247
245, 5450, 247
245, 5460, 247
245, 5470, 248
245, 5480, 247
245, 5490, 248
245, 5500, 248
245, 5510, 247
245, 5520, 248
245, 5530, 248
245, 5540, 248
245, 5550, 248
245, 5560, 248
245, 5570, 248
245, 5580, 248
245, 5590, 248
245, 5600, 248
245, 5610, 248
245, 5620, 248
245, 5630, 248
245, 5640, 248
245, 5650, 248
245, 5660, 248
245, 5670, 248
245, 5680, 248
245, 5690, 248
245, 5700, 249
245, 5710, 248
245, 5720, 248
245, 5730, 248
245, 5740, 248
245, 5750, 248
245, 5760, 248
245, 5770, 248
245, 5780, 248
245, 5790, 249
245, 5800, 248
245, 5810, 248
245, 5820, 248
245, 5830, 248
245, 5840, 248
245, 5850, 248
245, 5860, 248
245, 5870, 248
245, 5880, 249
245, 5890, 247
245, 5900, 247
245, 5910, 248
245, 5920, 247
245, 5930, 247
245, 5940, 247
245, 5950, 247
245, 5960, 247
245, 5970, 247
245, 5980, 248
245, 5990, 248
246, 6000, 248
246, 6010, 249
246, 6020, 249
247, 6030, 249
247, 6040, 250
247, 6050, 250
247, 6060, 249
247, 6070, 250
247, 6080, 249
247, 6090, 249
247, 6100, 249
247, 6110, 249
247, 6120, 249
247, 6130, 249
247, 6140, 249
247, 6150, 249
247, 6160, 249
247, 6170, 249
247, 6180, 249
247, 6190, 249
247, 6200, 249
247, 6210, 249
247, 6220, 249
247, 6230, 249
247, 6240, 249
247, 6250, 249
247, 6260, 249
247, 6270, 249
247, 6280, 249
247, 6290, 248
247, 6300, 249
247, 6310, 248
247, 6320, 249
247, 6330, 249
247, 6340, 249
247, 6350, 249
247, 6360, 249
247, 6370, 249
247, 6380, 249
247, 6390, 249
247, 6400, 249
247, 6410, 249
247, 6420, 249
247, 6430, 249
247, 6440, 249
247, 6450, 249
247, 6460, 249
247, 6470, 249
247, 6480, 249
247, 6490, 249
247, 6500, 249
247, 6510, 249
247, 6520, 249
247, 6530, 249
248, 6540, 249
249, 6550, 250
250, 6560, 251
250, 6570, 253
250, 6580, 253
250, 6590, 253
250, 6600, 253
250, 6610, 253
250, 6620, 253
250, 6630, 253
250, 6640, 253
250, 6650, 253
250, 6660, 252
250, 6670, 252
250, 6680, 253
250, 6690, 253
250, 6700, 255
250, 6710, 254
250, 6720, 255
250, 6730, 253
250, 6740, 254
250, 6750, 255
250, 6760, 255
250, 6770, 256
250, 6780, 253
250, 6790, 255
250, 6800, 254
250, 6810, 255
250, 6820, 255
250, 6830, 256
250, 6840, 256
250, 6850, 256
250, 6860, 256
250, 6870, 256
250, 6880, 256
250, 6890, 254
250, 6900, 255
250, 6910, 254
250, 6920, 253
250, 6930, 254
250, 6940, 254
250, 6950, 253
250, 6960, 254
250, 6970, 253
250, 6980, 255
250, 6990, 254
250, 7000, 254
250, 7010, 253
250, 7020, 253
250, 7030, 253
250, 7040, 253
250, 7050, 254
250, 7060, 254
250, 7070, 253
250, 7080, 254
250, 7090, 253
250, 7100, 253
250, 7110, 252
250, 7120, 252
250, 7130, 252
250, 7140, 252
250, 7150, 252
250, 7160, 252
250, 7170, 252
250, 7180, 252
250, 7190, 252
250, 7200, 252
250, 7210, 252
250, 7220, 252
250, 7230, 252
250, 7240, 252
250, 7250, 252
250, 7260, 253
250, 7270, 252
250, 7280, 252
250, 7290, 252
250, 7300, 252
250, 7310, 252
250, 7320, 252
250, 7330, 252
250, 7340, 252
250, 7350, 252
250, 7360, 252
250, 7370, 252
250, 7380, 252
250, 7390, 252
250, 7400, 252
250, 7410, 252
250, 7420, 252
250, 7430, 252
250, 7440, 252
250, 7450, 252
250, 7460, 252
250, 7470, 252
250, 7480, 252
250, 7490, 252
250, 7500, 252
250, 7510, 252
250, 7520, 252
250, 7530, 252
250, 7540, 252
250, 7550, 252
250, 7560, 252
250, 7570, 252
250, 7580, 252
250, 7590, 252
250, 7600, 252
250, 7610, 252
250, 7620, 252
250, 7630, 252
250, 7640, 252
250, 7650, 252
250, 7660, 251
250, 7670, 252
250, 7680, 252
250, 7690, 252
250, 7700, 251
250, 7710, 252
250, 7720, 251
250, 7730, 251
251, 7740, 251
251, 7750, 253
252, 7760, 253
253, 7770, 254
254, 7780, 256
255, 7790, 256
256, 7800, 257

------------------------------------------------------------
Sender: LSF System <lsfadmin@n2c3-8>
Subject: Job 223321: </share/tjmenzie/zyu9/miniconda2/bin/python2.7 runner.py exp_HPC 6> in cluster <henry2> Done

Job </share/tjmenzie/zyu9/miniconda2/bin/python2.7 runner.py exp_HPC 6> was submitted from host <login01> by user <zyu9> in cluster <henry2> at Fri Mar 15 14:39:53 2019.
Job was executed on host(s) <2*n2c3-8>, in queue <single_chassis>, as user <zyu9> in cluster <henry2> at Fri Mar 15 14:39:59 2019.
</home/zyu9> was used as the home directory.
</home/zyu9/projects/Better-Est/src> was used as the working directory.
Started at Fri Mar 15 14:39:59 2019.
Terminated at Fri Mar 15 23:29:20 2019.
Results reported at Fri Mar 15 23:29:20 2019.

Your job looked like:

------------------------------------------------------------
# LSBATCH: User input
/share/tjmenzie/zyu9/miniconda2/bin/python2.7 runner.py exp_HPC 6
------------------------------------------------------------

Successfully completed.

Resource usage summary:

    CPU time :                                   35539.74 sec.
    Max Memory :                                 400.02 MB
    Average Memory :                             161.66 MB
    Total Requested Memory :                     -
    Delta Memory :                               -
    Max Swap :                                   1726 MB
    Max Processes :                              3
    Max Threads :                                15
    Run time :                                   31776 sec.
    Turnaround time :                            31767 sec.

The output (if any) is above this job summary.



PS:

Read file <./err/6.err.223321> for stderr output of this job.

