0, 0, 157
9, 10, 157
12, 20, 160
20, 30, 159
29, 40, 161
37, 50, 165
43, 60, 168
48, 70, 169
56, 80, 169
64, 90, 172
72, 100, 175
79, 110, 180
87, 120, 183
90, 130, 189
96, 140, 189
103, 150, 193
107, 160, 197
111, 170, 199
114, 180, 202
119, 190, 204
120, 200, 207
124, 210, 207
130, 220, 211
133, 230, 216
134, 240, 218
137, 250, 218
139, 260, 220
139, 270, 222
141, 280, 221
142, 290, 222
144, 300, 222
144, 310, 225
144, 320, 223
144, 330, 223
144, 340, 222
146, 350, 221
147, 360, 223
151, 370, 223
152, 380, 228
152, 390, 229
153, 400, 228
154, 410, 229
155, 420, 229
155, 430, 230
156, 440, 230
156, 450, 230
156, 460, 230
158, 470, 229
160, 480, 231
162, 490, 233
162, 500, 235
162, 510, 234
165, 520, 234
167, 530, 238
167, 540, 240
167, 550, 239
167, 560, 239
167, 570, 239
167, 580, 238
167, 590, 238
167, 600, 238
167, 610, 237
168, 620, 237
171, 630, 238
171, 640, 241
171, 650, 241
174, 660, 240
174, 670, 243
176, 680, 243
177, 690, 245
179, 700, 246
181, 710, 248
181, 720, 250
182, 730, 250
182, 740, 251
182, 750, 251
182, 760, 251
182, 770, 250
182, 780, 250
182, 790, 250
182, 800, 250
182, 810, 250
182, 820, 249
182, 830, 249
182, 840, 248
182, 850, 248
182, 860, 248
182, 870, 248
182, 880, 248
182, 890, 247
182, 900, 247
182, 910, 247
182, 920, 247
182, 930, 247
182, 940, 246
182, 950, 246
182, 960, 246
182, 970, 246
182, 980, 246
182, 990, 245
182, 1000, 245
182, 1010, 245
182, 1020, 245
182, 1030, 244
182, 1040, 244
182, 1050, 244
182, 1060, 244
182, 1070, 244
182, 1080, 244
182, 1090, 243
182, 1100, 243
182, 1110, 243
182, 1120, 243
182, 1130, 242
182, 1140, 242
182, 1150, 242
182, 1160, 242
182, 1170, 242
182, 1180, 241
182, 1190, 241
182, 1200, 241
182, 1210, 241
182, 1220, 241
182, 1230, 240
182, 1240, 240
182, 1250, 240
182, 1260, 240
182, 1270, 240
182, 1280, 239
182, 1290, 239
182, 1300, 239
182, 1310, 239
182, 1320, 239
182, 1330, 238
182, 1340, 238
182, 1350, 238
182, 1360, 237
182, 1370, 238
182, 1380, 237
182, 1390, 237
182, 1400, 237
182, 1410, 236
182, 1420, 236
182, 1430, 236
182, 1440, 236
182, 1450, 236
182, 1460, 235
182, 1470, 235
182, 1480, 235
182, 1490, 235
182, 1500, 235
182, 1510, 234
182, 1520, 234
182, 1530, 234
182, 1540, 234
182, 1550, 234
182, 1560, 233
182, 1570, 233
182, 1580, 233
182, 1590, 233
182, 1600, 233
182, 1610, 232
182, 1620, 232
182, 1630, 232
182, 1640, 232
182, 1650, 232
182, 1660, 231
182, 1670, 231
182, 1680, 231
182, 1690, 231
182, 1700, 231
182, 1710, 230
182, 1720, 230
182, 1730, 230
182, 1740, 230
182, 1750, 230
182, 1760, 229
182, 1770, 229
182, 1780, 229
182, 1790, 229
182, 1800, 229
182, 1810, 228
182, 1820, 228
182, 1830, 228
182, 1840, 228
182, 1850, 228
182, 1860, 227
182, 1870, 227
182, 1880, 227
182, 1890, 227
182, 1900, 226
182, 1910, 226
182, 1920, 226
182, 1930, 226
182, 1940, 226
182, 1950, 225
182, 1960, 225
182, 1970, 225
182, 1980, 225
182, 1990, 225
182, 2000, 224
182, 2010, 224
182, 2020, 224
182, 2030, 224
182, 2040, 224
182, 2050, 223
182, 2060, 223
182, 2070, 223
182, 2080, 223
182, 2090, 223
182, 2100, 222
182, 2110, 222
182, 2120, 222
182, 2130, 222
182, 2140, 222
182, 2150, 221
182, 2160, 221
182, 2170, 221
182, 2180, 221
182, 2190, 221
182, 2200, 220
182, 2210, 220
182, 2220, 220
182, 2230, 220
182, 2240, 220
182, 2250, 220
182, 2260, 219
182, 2270, 219
182, 2280, 219
182, 2290, 219
182, 2300, 218
182, 2310, 218
182, 2320, 218
182, 2330, 218
182, 2340, 218
182, 2350, 217
182, 2360, 217
182, 2370, 217
182, 2380, 217
182, 2390, 217
182, 2400, 217
182, 2410, 216
182, 2420, 216
182, 2430, 216
182, 2440, 216
182, 2450, 216
182, 2460, 215
182, 2470, 215
182, 2480, 215
182, 2490, 215
182, 2500, 215
182, 2510, 214
182, 2520, 214
183, 2530, 214
183, 2540, 215
184, 2550, 215
185, 2560, 216
185, 2570, 216
186, 2580, 216
186, 2590, 217
186, 2600, 217
186, 2610, 217
186, 2620, 217
186, 2630, 216
186, 2640, 216
186, 2650, 216
186, 2660, 216
186, 2670, 216
186, 2680, 216
186, 2690, 215
186, 2700, 215
186, 2710, 215
186, 2720, 215
188, 2730, 215
188, 2740, 217
188, 2750, 216
188, 2760, 216
189, 2770, 216
189, 2780, 217
191, 2790, 217
193, 2800, 219
194, 2810, 221
195, 2820, 222
195, 2830, 223
197, 2840, 223
197, 2850, 225
197, 2860, 224
197, 2870, 224
197, 2880, 224
197, 2890, 224
197, 2900, 224
197, 2910, 224
197, 2920, 224
197, 2930, 223
199, 2940, 223
199, 2950, 225
200, 2960, 225
200, 2970, 226
200, 2980, 226
200, 2990, 226
200, 3000, 226
200, 3010, 226
200, 3020, 226
200, 3030, 226
202, 3040, 225
204, 3050, 227
205, 3060, 230
205, 3070, 230
205, 3080, 230
205, 3090, 230
205, 3100, 230
205, 3110, 230
205, 3120, 230
205, 3130, 230
205, 3140, 230
205, 3150, 230
205, 3160, 230
205, 3170, 229
205, 3180, 229
205, 3190, 229
205, 3200, 229
205, 3210, 229
205, 3220, 229
205, 3230, 229
205, 3240, 229
205, 3250, 229
205, 3260, 228
206, 3270, 228
206, 3280, 229
206, 3290, 229
206, 3300, 229
206, 3310, 229
206, 3320, 229
206, 3330, 229
206, 3340, 229
206, 3350, 229
206, 3360, 228
206, 3370, 228
206, 3380, 228
206, 3390, 228
206, 3400, 228
206, 3410, 228
206, 3420, 228
206, 3430, 228
206, 3440, 228
206, 3450, 227
206, 3460, 227
206, 3470, 227
206, 3480, 227
206, 3490, 227
206, 3500, 227
206, 3510, 227
206, 3520, 227
206, 3530, 227
206, 3540, 227
206, 3550, 226
206, 3560, 226
206, 3570, 226
206, 3580, 226
206, 3590, 226
206, 3600, 226
206, 3610, 226
206, 3620, 226
206, 3630, 226
206, 3640, 226
206, 3650, 225
206, 3660, 225
206, 3670, 225
206, 3680, 225
206, 3690, 225
206, 3700, 225
206, 3710, 225
206, 3720, 225
206, 3730, 225
208, 3740, 225
208, 3750, 227
208, 3760, 226
208, 3770, 226
209, 3780, 226
209, 3790, 227
209, 3800, 227
209, 3810, 227
209, 3820, 227
209, 3830, 227
209, 3840, 227
209, 3850, 227
209, 3860, 227
209, 3870, 227
209, 3880, 226
209, 3890, 226
209, 3900, 226
209, 3910, 226
209, 3920, 226
209, 3930, 226
209, 3940, 226
209, 3950, 226
209, 3960, 226
209, 3970, 226
209, 3980, 226
209, 3990, 225
210, 4000, 225
210, 4010, 226
210, 4020, 226
210, 4030, 226
210, 4040, 226
210, 4050, 226
210, 4060, 226
211, 4070, 226
211, 4080, 227
211, 4090, 227
211, 4100, 227
211, 4110, 226
211, 4120, 226
211, 4130, 226
211, 4140, 226
211, 4150, 226
211, 4160, 226
211, 4170, 226
212, 4180, 226
212, 4190, 227
212, 4200, 227
212, 4210, 227
212, 4220, 227
214, 4230, 227
214, 4240, 229
214, 4250, 229
215, 4260, 228
215, 4270, 229
216, 4280, 229
216, 4290, 230
217, 4300, 230
218, 4310, 231
218, 4320, 232
218, 4330, 232
218, 4340, 232
218, 4350, 232
218, 4360, 232
218, 4370, 232
218, 4380, 232
218, 4390, 232
218, 4400, 232
218, 4410, 232
218, 4420, 232
218, 4430, 231
218, 4440, 231
218, 4450, 231
218, 4460, 231
218, 4470, 231
218, 4480, 231
218, 4490, 231
218, 4500, 231
218, 4510, 231
218, 4520, 231
218, 4530, 231
219, 4540, 231
219, 4550, 232
220, 4560, 232
222, 4570, 233
222, 4580, 235
222, 4590, 235
222, 4600, 235
222, 4610, 235
222, 4620, 235
223, 4630, 234
223, 4640, 235
223, 4650, 235
224, 4660, 235
224, 4670, 236
224, 4680, 236
224, 4690, 236
224, 4700, 236
224, 4710, 236
224, 4720, 236
224, 4730, 236
224, 4740, 236
225, 4750, 236
225, 4760, 237
225, 4770, 237
225, 4780, 237
225, 4790, 237
225, 4800, 237
225, 4810, 237
225, 4820, 237
225, 4830, 237
226, 4840, 237
226, 4850, 238
226, 4860, 238
226, 4870, 238
226, 4880, 237
226, 4890, 237
226, 4900, 237
226, 4910, 237
226, 4920, 237
226, 4930, 237
226, 4940, 237
226, 4950, 237
226, 4960, 237
226, 4970, 237
226, 4980, 237
226, 4990, 237
226, 5000, 237
226, 5010, 237
226, 5020, 237
226, 5030, 237
226, 5040, 237
226, 5050, 237
226, 5060, 237
226, 5070, 237
227, 5080, 237
228, 5090, 238
228, 5100, 239
228, 5110, 239
228, 5120, 239
228, 5130, 238
230, 5140, 238
230, 5150, 240
232, 5160, 240
233, 5170, 242
233, 5180, 244
233, 5190, 243
233, 5200, 243
233, 5210, 243
233, 5220, 243
233, 5230, 243
233, 5240, 243
233, 5250, 243
234, 5260, 243
234, 5270, 244
234, 5280, 244
235, 5290, 244
235, 5300, 245
235, 5310, 245
235, 5320, 245
235, 5330, 245
235, 5340, 245
235, 5350, 245
235, 5360, 245
235, 5370, 245
235, 5380, 245
235, 5390, 245
235, 5400, 245
235, 5410, 245
235, 5420, 245
235, 5430, 245
235, 5440, 245
235, 5450, 245
235, 5460, 245
235, 5470, 245
235, 5480, 245
235, 5490, 245
235, 5500, 245
235, 5510, 245
235, 5520, 245
235, 5530, 245
235, 5540, 244
235, 5550, 244
235, 5560, 244
235, 5570, 244
235, 5580, 244
235, 5590, 244
235, 5600, 244
235, 5610, 244
235, 5620, 244
235, 5630, 244
235, 5640, 244
235, 5650, 244
235, 5660, 244
235, 5670, 244
235, 5680, 244
235, 5690, 244
235, 5700, 244
235, 5710, 244
235, 5720, 244
235, 5730, 244
235, 5740, 244
235, 5750, 244
235, 5760, 244
235, 5770, 244
235, 5780, 244
235, 5790, 244
235, 5800, 244
235, 5810, 244
235, 5820, 244
235, 5830, 244
235, 5840, 244
235, 5850, 244
235, 5860, 244
235, 5870, 244
235, 5880, 244
235, 5890, 244
235, 5900, 244
235, 5910, 244
235, 5920, 244
235, 5930, 244
235, 5940, 244
235, 5950, 244
235, 5960, 244
235, 5970, 243
235, 5980, 243
235, 5990, 243
235, 6000, 243
235, 6010, 243
235, 6020, 243
235, 6030, 243
235, 6040, 243
235, 6050, 243
235, 6060, 243
235, 6070, 243
235, 6080, 243
235, 6090, 243
235, 6100, 243
235, 6110, 243
235, 6120, 243
235, 6130, 243
235, 6140, 243
235, 6150, 243
235, 6160, 243
235, 6170, 243
235, 6180, 243
235, 6190, 243
235, 6200, 243
235, 6210, 243
235, 6220, 243
235, 6230, 243
235, 6240, 243
235, 6250, 243
235, 6260, 243
235, 6270, 243
235, 6280, 243
235, 6290, 243
235, 6300, 243
235, 6310, 243
235, 6320, 243
235, 6330, 243
235, 6340, 243
235, 6350, 243
235, 6360, 243
235, 6370, 243
235, 6380, 243
235, 6390, 243
235, 6400, 242
235, 6410, 242
235, 6420, 242
235, 6430, 242
235, 6440, 242
235, 6450, 242
235, 6460, 242
235, 6470, 242
235, 6480, 242
235, 6490, 242
235, 6500, 242
235, 6510, 242
235, 6520, 242
235, 6530, 242
235, 6540, 242
235, 6550, 242
235, 6560, 242
235, 6570, 242
235, 6580, 242
235, 6590, 242
235, 6600, 242
235, 6610, 242
235, 6620, 242
235, 6630, 242
235, 6640, 242
235, 6650, 242
235, 6660, 242
235, 6670, 242
235, 6680, 242
235, 6690, 242
235, 6700, 242
235, 6710, 242
235, 6720, 242
235, 6730, 242
235, 6740, 242
235, 6750, 242
235, 6760, 242
235, 6770, 242
235, 6780, 242
235, 6790, 242
235, 6800, 242
235, 6810, 242
235, 6820, 241
235, 6830, 241
235, 6840, 241
235, 6850, 241
235, 6860, 241
235, 6870, 241
235, 6880, 241
235, 6890, 241
235, 6900, 241
235, 6910, 241
235, 6920, 241
235, 6930, 241
235, 6940, 241
235, 6950, 241
235, 6960, 241
235, 6970, 241
235, 6980, 241
235, 6990, 241
235, 7000, 241
235, 7010, 241
235, 7020, 241
235, 7030, 241
235, 7040, 241
235, 7050, 241
235, 7060, 241
235, 7070, 241
235, 7080, 241
235, 7090, 241
235, 7100, 241
235, 7110, 241
235, 7120, 241
235, 7130, 241
235, 7140, 241
235, 7150, 241
235, 7160, 241
235, 7170, 241
235, 7180, 241
235, 7190, 241
235, 7200, 241
235, 7210, 241
235, 7220, 241
235, 7230, 241
235, 7240, 241
235, 7250, 241
235, 7260, 240
235, 7270, 240
235, 7280, 240
235, 7290, 240
235, 7300, 240
235, 7310, 240
235, 7320, 240
235, 7330, 240
235, 7340, 240
235, 7350, 240
235, 7360, 240
235, 7370, 240
235, 7380, 240
235, 7390, 240
235, 7400, 240
235, 7410, 240
235, 7420, 240
235, 7430, 240
235, 7440, 240
235, 7450, 240
235, 7460, 240
235, 7470, 240
235, 7480, 240
235, 7490, 240
235, 7500, 240
235, 7510, 240
235, 7520, 240
235, 7530, 240
235, 7540, 240
235, 7550, 240
235, 7560, 240
235, 7570, 240
235, 7580, 240
235, 7590, 240
235, 7600, 240
235, 7610, 240
235, 7620, 240
235, 7630, 240
235, 7640, 240
235, 7650, 240
235, 7660, 240
235, 7670, 240
235, 7680, 240
235, 7690, 240
235, 7700, 239
235, 7710, 239
235, 7720, 239
235, 7730, 239
235, 7740, 239
235, 7750, 239
235, 7760, 239
235, 7770, 239
235, 7780, 239
235, 7790, 239
235, 7800, 239
235, 7810, 239
235, 7820, 239
235, 7830, 239
235, 7840, 239
235, 7850, 239
235, 7860, 239
235, 7870, 239
235, 7880, 239
235, 7890, 239
235, 7900, 239
235, 7910, 239
235, 7920, 239
235, 7930, 239
235, 7940, 239
235, 7950, 239
235, 7960, 239
235, 7970, 239
235, 7980, 239
235, 7990, 239
235, 8000, 239
235, 8010, 239
235, 8020, 239
235, 8030, 239
235, 8040, 239
235, 8050, 239
235, 8060, 239
235, 8070, 239
235, 8080, 239
235, 8090, 239
235, 8100, 239
235, 8110, 239
235, 8120, 239
235, 8130, 238
235, 8140, 238
235, 8150, 238
235, 8160, 238
235, 8170, 238
235, 8180, 238
235, 8190, 238
235, 8200, 238
235, 8210, 238
235, 8220, 238
235, 8230, 238
235, 8240, 238
235, 8250, 238
235, 8260, 238
235, 8270, 238
235, 8280, 238
235, 8290, 238
235, 8300, 238
235, 8310, 238
235, 8320, 238
235, 8330, 238
235, 8340, 238
235, 8350, 238
235, 8360, 238
235, 8370, 238
235, 8380, 238
235, 8390, 238
235, 8400, 238
235, 8410, 238
235, 8420, 238
235, 8430, 238
235, 8440, 238
235, 8450, 238
235, 8460, 238
235, 8470, 238
235, 8480, 238
235, 8490, 238
235, 8500, 238
235, 8510, 238
235, 8520, 238
235, 8530, 238
235, 8540, 238
235, 8550, 238
235, 8560, 238
235, 8570, 238
235, 8580, 237
235, 8590, 237
235, 8600, 237
235, 8610, 237
235, 8620, 237
235, 8630, 237
235, 8640, 237
235, 8650, 237
235, 8660, 237
235, 8670, 237
235, 8680, 237
235, 8690, 237
235, 8700, 237
235, 8710, 237
235, 8720, 237
235, 8730, 237
235, 8740, 237
235, 8750, 237
235, 8760, 237
235, 8770, 237
235, 8780, 237
235, 8790, 237
235, 8800, 237
235, 8810, 237
235, 8820, 237
235, 8830, 237
235, 8840, 237
235, 8850, 237
235, 8860, 237
235, 8870, 237
235, 8880, 237
235, 8890, 237
235, 8900, 237
235, 8910, 237
235, 8920, 237
235, 8930, 237
235, 8940, 237
235, 8950, 237
235, 8960, 237
235, 8970, 237
235, 8980, 237
235, 8990, 237
235, 9000, 237
235, 9010, 237
235, 9020, 237
235, 9030, 236
235, 9040, 236
235, 9050, 236
235, 9060, 236
235, 9070, 236
235, 9080, 236
235, 9090, 236
235, 9100, 236
235, 9110, 236
235, 9120, 236
235, 9130, 236
235, 9140, 236
235, 9150, 236
235, 9160, 236
236, 9170, 236
236, 9180, 237
236, 9190, 237
236, 9200, 237
236, 9210, 237
237, 9220, 237
238, 9230, 238
238, 9240, 239
238, 9250, 239
238, 9260, 239
239, 9270, 239
239, 9280, 240
239, 9290, 240
240, 9300, 240
240, 9310, 241
240, 9320, 241
240, 9330, 241
240, 9340, 241
240, 9350, 241
241, 9360, 241
241, 9370, 242
241, 9380, 242
241, 9390, 242
242, 9400, 242
242, 9410, 243
242, 9420, 243
242, 9430, 243
242, 9440, 243
243, 9450, 243
243, 9460, 244
243, 9470, 244
244, 9480, 244
244, 9490, 244
244, 9500, 244
244, 9510, 244
244, 9520, 244
244, 9530, 244
244, 9540, 244
244, 9550, 244
244, 9560, 244
244, 9570, 244
244, 9580, 244
244, 9590, 244
245, 9600, 244
245, 9610, 245
246, 9620, 245
246, 9630, 246
246, 9640, 246
246, 9650, 246
246, 9660, 246
246, 9670, 246
246, 9680, 246
247, 9690, 246
247, 9700, 247
247, 9710, 247
248, 9720, 247
251, 9730, 248
252, 9740, 251
252, 9750, 252
252, 9760, 252
252, 9770, 252
252, 9780, 252
252, 9790, 252
252, 9800, 252
252, 9810, 252
252, 9820, 252
252, 9830, 252
252, 9840, 252
252, 9850, 252
252, 9860, 252
252, 9870, 252
252, 9880, 252
252, 9890, 252
252, 9900, 252
252, 9910, 252
252, 9920, 252
253, 9930, 252
253, 9940, 253
253, 9950, 253
253, 9960, 253
253, 9970, 253
253, 9980, 253
253, 9990, 253
253, 10000, 253
253, 10010, 253
253, 10020, 253
253, 10030, 253
253, 10040, 253
253, 10050, 253
253, 10060, 253
253, 10070, 253
253, 10080, 253
253, 10090, 253
253, 10100, 253
253, 10110, 253
253, 10120, 253
253, 10130, 253
253, 10140, 253
253, 10150, 253
253, 10160, 253
253, 10170, 253
253, 10180, 253
253, 10190, 253
253, 10200, 253
253, 10210, 253
253, 10220, 253
253, 10230, 253
253, 10240, 253
253, 10250, 253
253, 10260, 253
253, 10270, 253
253, 10280, 253
255, 10290, 253
255, 10300, 255
256, 10310, 255
0, 0, 0
2, 10, 0
2, 20, 83
2, 30, 86
3, 40, 97
3, 50, 91
11, 60, 96
21, 70, 95
27, 80, 111
30, 90, 113
35, 100, 68
38, 110, 60
38, 120, 60
38, 130, 57
38, 140, 53
39, 150, 52
41, 160, 53
43, 170, 56
48, 180, 51
53, 190, 58
56, 200, 71
57, 210, 69
57, 220, 67
60, 230, 62
63, 240, 67
68, 250, 68
70, 260, 82
75, 270, 76
77, 280, 83
79, 290, 86
82, 300, 88
83, 310, 90
83, 320, 91
83, 330, 91
83, 340, 90
85, 350, 89
85, 360, 91
87, 370, 90
90, 380, 93
90, 390, 95
90, 400, 95
91, 410, 95
92, 420, 95
93, 430, 96
95, 440, 98
97, 450, 99
98, 460, 102
101, 470, 103
104, 480, 107
105, 490, 116
109, 500, 111
112, 510, 117
113, 520, 121
115, 530, 118
115, 540, 120
117, 550, 120
119, 560, 122
121, 570, 126
122, 580, 126
122, 590, 128
123, 600, 127
123, 610, 128
124, 620, 126
124, 630, 128
124, 640, 127
124, 650, 129
126, 660, 128
126, 670, 131
127, 680, 131
127, 690, 131
129, 700, 130
134, 710, 134
140, 720, 141
144, 730, 145
145, 740, 152
145, 750, 156
149, 760, 149
150, 770, 156
152, 780, 154
152, 790, 162
154, 800, 156
158, 810, 158
158, 820, 162
158, 830, 163
158, 840, 164
158, 850, 163
158, 860, 164
158, 870, 170
158, 880, 162
158, 890, 162
158, 900, 161
158, 910, 162
160, 920, 160
161, 930, 163
161, 940, 165
162, 950, 164
162, 960, 176
163, 970, 165
163, 980, 166
163, 990, 170
163, 1000, 167
163, 1010, 167
163, 1020, 166
163, 1030, 167
163, 1040, 168
163, 1050, 166
163, 1060, 166
163, 1070, 171
164, 1080, 169
164, 1090, 167
164, 1100, 168
164, 1110, 173
164, 1120, 168
164, 1130, 167
164, 1140, 166
165, 1150, 169
165, 1160, 172
165, 1170, 169
165, 1180, 172
166, 1190, 173
169, 1200, 175
170, 1210, 174
173, 1220, 175
174, 1230, 180
175, 1240, 180
175, 1250, 182
175, 1260, 183
175, 1270, 182
176, 1280, 180
176, 1290, 183
176, 1300, 182
176, 1310, 183
176, 1320, 180
176, 1330, 182
176, 1340, 182
177, 1350, 182
178, 1360, 184
179, 1370, 183
179, 1380, 185
179, 1390, 184
179, 1400, 186
180, 1410, 185
181, 1420, 186
183, 1430, 186
184, 1440, 189
184, 1450, 190
184, 1460, 188
185, 1470, 190
191, 1480, 191
192, 1490, 198
192, 1500, 198
192, 1510, 197
192, 1520, 198
192, 1530, 200
193, 1540, 200
193, 1550, 200
193, 1560, 199
193, 1570, 199
194, 1580, 199
194, 1590, 199
195, 1600, 201
197, 1610, 201
197, 1620, 204
197, 1630, 203
197, 1640, 203
198, 1650, 204
198, 1660, 204
198, 1670, 205
198, 1680, 204
198, 1690, 205
199, 1700, 204
199, 1710, 205
200, 1720, 205
201, 1730, 206
204, 1740, 207
204, 1750, 210
204, 1760, 211
207, 1770, 209
207, 1780, 212
207, 1790, 213
208, 1800, 212
208, 1810, 214
208, 1820, 213
208, 1830, 214
208, 1840, 213
208, 1850, 214
208, 1860, 213
209, 1870, 213
209, 1880, 213
210, 1890, 213
210, 1900, 215
210, 1910, 215
210, 1920, 215
211, 1930, 214
211, 1940, 215
213, 1950, 216
215, 1960, 218
215, 1970, 220
216, 1980, 221
216, 1990, 221
216, 2000, 221
216, 2010, 222
217, 2020, 221
217, 2030, 222
217, 2040, 221
217, 2050, 223
217, 2060, 223
217, 2070, 222
219, 2080, 222
219, 2090, 224
219, 2100, 224
220, 2110, 224
220, 2120, 226
220, 2130, 225
220, 2140, 225
220, 2150, 224
220, 2160, 225
220, 2170, 225
220, 2180, 224
220, 2190, 225
220, 2200, 224
220, 2210, 225
220, 2220, 225
220, 2230, 224
220, 2240, 225
221, 2250, 225
221, 2260, 226
221, 2270, 226
223, 2280, 225
224, 2290, 225
224, 2300, 226
224, 2310, 227
224, 2320, 227
225, 2330, 226
225, 2340, 227
227, 2350, 227
228, 2360, 230
228, 2370, 230
228, 2380, 230
228, 2390, 230
228, 2400, 230
228, 2410, 230
228, 2420, 230
228, 2430, 230
228, 2440, 230
228, 2450, 230
228, 2460, 230
228, 2470, 230
228, 2480, 230
228, 2490, 230
228, 2500, 230
228, 2510, 230
229, 2520, 230
229, 2530, 231
229, 2540, 231
229, 2550, 231
229, 2560, 231
229, 2570, 231
229, 2580, 231
230, 2590, 231
230, 2600, 232
230, 2610, 232
232, 2620, 232
233, 2630, 234
233, 2640, 235
233, 2650, 235
236, 2660, 235
236, 2670, 238
236, 2680, 238
236, 2690, 238
237, 2700, 238
238, 2710, 239
239, 2720, 240
239, 2730, 242
239, 2740, 242
239, 2750, 241
239, 2760, 242
241, 2770, 241
241, 2780, 243
241, 2790, 244
241, 2800, 244
241, 2810, 243
241, 2820, 244
241, 2830, 243
241, 2840, 243
241, 2850, 244
241, 2860, 243
242, 2870, 244
242, 2880, 245
242, 2890, 244
242, 2900, 245
242, 2910, 245
242, 2920, 245
242, 2930, 245
242, 2940, 245
242, 2950, 245
242, 2960, 245
242, 2970, 245
242, 2980, 245
242, 2990, 245
242, 3000, 244
242, 3010, 244
242, 3020, 244
242, 3030, 244
242, 3040, 244
242, 3050, 244
242, 3060, 244
242, 3070, 244
242, 3080, 244
242, 3090, 244
242, 3100, 244
242, 3110, 244
242, 3120, 244
242, 3130, 244
242, 3140, 244
242, 3150, 244
242, 3160, 244
242, 3170, 244
242, 3180, 244
242, 3190, 244
242, 3200, 244
242, 3210, 244
242, 3220, 244
242, 3230, 244
242, 3240, 244
242, 3250, 244
242, 3260, 244
242, 3270, 244
242, 3280, 244
243, 3290, 244
243, 3300, 245
243, 3310, 245
243, 3320, 245
243, 3330, 245
244, 3340, 245
245, 3350, 246
245, 3360, 247
246, 3370, 247
246, 3380, 248
246, 3390, 248
246, 3400, 248
246, 3410, 248
246, 3420, 248
246, 3430, 248
246, 3440, 248
246, 3450, 248
246, 3460, 248
246, 3470, 248
246, 3480, 248
246, 3490, 248
247, 3500, 248
248, 3510, 249
249, 3520, 250
249, 3530, 251
249, 3540, 252
249, 3550, 251
249, 3560, 252
249, 3570, 252
249, 3580, 252
249, 3590, 252
249, 3600, 251
249, 3610, 252
249, 3620, 251
249, 3630, 252
249, 3640, 251
249, 3650, 251
249, 3660, 251
249, 3670, 251
249, 3680, 251
249, 3690, 251
249, 3700, 251
249, 3710, 251
249, 3720, 251
249, 3730, 251
249, 3740, 251
249, 3750, 251
249, 3760, 251
249, 3770, 251
249, 3780, 251
249, 3790, 251
249, 3800, 251
249, 3810, 251
249, 3820, 251
249, 3830, 251
249, 3840, 251
249, 3850, 251
249, 3860, 251
249, 3870, 251
249, 3880, 251
249, 3890, 251
249, 3900, 251
249, 3910, 250
249, 3920, 251
249, 3930, 251
249, 3940, 251
249, 3950, 251
249, 3960, 251
249, 3970, 251
249, 3980, 251
249, 3990, 251
249, 4000, 251
249, 4010, 250
249, 4020, 250
249, 4030, 251
249, 4040, 251
249, 4050, 251
249, 4060, 251
249, 4070, 251
249, 4080, 251
249, 4090, 251
249, 4100, 251
249, 4110, 251
249, 4120, 251
249, 4130, 251
249, 4140, 251
249, 4150, 250
249, 4160, 250
249, 4170, 251
249, 4180, 251
249, 4190, 251
249, 4200, 251
249, 4210, 251
249, 4220, 250
249, 4230, 251
249, 4240, 250
249, 4250, 251
249, 4260, 250
249, 4270, 251
249, 4280, 251
249, 4290, 250
249, 4300, 250
249, 4310, 251
249, 4320, 250
249, 4330, 250
249, 4340, 251
249, 4350, 250
249, 4360, 250
249, 4370, 251
249, 4380, 250
249, 4390, 250
249, 4400, 250
249, 4410, 251
249, 4420, 251
249, 4430, 250
249, 4440, 251
249, 4450, 250
249, 4460, 251
249, 4470, 250
249, 4480, 251
249, 4490, 250
249, 4500, 251
249, 4510, 251
249, 4520, 250
249, 4530, 250
249, 4540, 250
249, 4550, 250
249, 4560, 250
249, 4570, 250
249, 4580, 250
249, 4590, 250
249, 4600, 251
249, 4610, 250
249, 4620, 250
249, 4630, 251
249, 4640, 250
249, 4650, 250
249, 4660, 250
249, 4670, 251
249, 4680, 250
249, 4690, 250
249, 4700, 250
249, 4710, 250
249, 4720, 250
249, 4730, 250
249, 4740, 250
249, 4750, 250
249, 4760, 250
249, 4770, 250
249, 4780, 250
249, 4790, 250
249, 4800, 250
249, 4810, 250
249, 4820, 250
249, 4830, 250
249, 4840, 250
249, 4850, 250
249, 4860, 251
249, 4870, 250
249, 4880, 250
249, 4890, 250
249, 4900, 250
249, 4910, 250
249, 4920, 250
249, 4930, 250
249, 4940, 250
249, 4950, 250
249, 4960, 250
249, 4970, 250
249, 4980, 250
249, 4990, 250
249, 5000, 250
249, 5010, 250
249, 5020, 250
249, 5030, 250
249, 5040, 250
249, 5050, 250
249, 5060, 250
249, 5070, 250
249, 5080, 250
249, 5090, 250
249, 5100, 250
249, 5110, 250
249, 5120, 250
249, 5130, 250
249, 5140, 250
249, 5150, 250
249, 5160, 250
249, 5170, 250
249, 5180, 251
249, 5190, 251
249, 5200, 251
249, 5210, 251
249, 5220, 251
249, 5230, 251
249, 5240, 251
249, 5250, 251
249, 5260, 251
249, 5270, 251
249, 5280, 251
249, 5290, 251
249, 5300, 251
249, 5310, 251
249, 5320, 251
249, 5330, 251
249, 5340, 251
249, 5350, 251
249, 5360, 251
249, 5370, 251
249, 5380, 251
249, 5390, 251
249, 5400, 251
249, 5410, 251
249, 5420, 251
249, 5430, 251
249, 5440, 251
249, 5450, 251
249, 5460, 251
249, 5470, 251
249, 5480, 251
249, 5490, 250
249, 5500, 250
249, 5510, 250
249, 5520, 250
249, 5530, 250
249, 5540, 250
249, 5550, 250
249, 5560, 250
249, 5570, 250
249, 5580, 250
249, 5590, 250
249, 5600, 250
249, 5610, 250
249, 5620, 250
249, 5630, 250
249, 5640, 250
249, 5650, 250
249, 5660, 250
249, 5670, 250
249, 5680, 250
249, 5690, 250
249, 5700, 250
249, 5710, 250
249, 5720, 250
249, 5730, 250
249, 5740, 250
249, 5750, 249
249, 5760, 249
249, 5770, 249
249, 5780, 249
249, 5790, 249
249, 5800, 249
249, 5810, 249
249, 5820, 249
249, 5830, 249
249, 5840, 249
249, 5850, 249
249, 5860, 249
249, 5870, 250
249, 5880, 250
249, 5890, 250
249, 5900, 250
249, 5910, 250
249, 5920, 250
249, 5930, 250
249, 5940, 250
249, 5950, 250
249, 5960, 250
249, 5970, 250
249, 5980, 249
249, 5990, 249
249, 6000, 249
249, 6010, 249
249, 6020, 249
249, 6030, 250
249, 6040, 250
249, 6050, 250
249, 6060, 250
249, 6070, 250
249, 6080, 250
249, 6090, 251
249, 6100, 252
249, 6110, 252
249, 6120, 252
249, 6130, 253
249, 6140, 259
249, 6150, 261
249, 6160, 265
249, 6170, 261
249, 6180, 265
249, 6190, 262
249, 6200, 257
249, 6210, 261
249, 6220, 260
249, 6230, 263
249, 6240, 268
249, 6250, 274
249, 6260, 278
249, 6270, 281
249, 6280, 279
249, 6290, 282
249, 6300, 285
249, 6310, 281
249, 6320, 277
249, 6330, 274
249, 6340, 270
249, 6350, 269
249, 6360, 270
249, 6370, 270
249, 6380, 270
249, 6390, 270
249, 6400, 271
249, 6410, 271
249, 6420, 271
249, 6430, 269
249, 6440, 262
249, 6450, 259
249, 6460, 259
249, 6470, 258
249, 6480, 256
249, 6490, 255
249, 6500, 254
249, 6510, 253
249, 6520, 254
249, 6530, 254
249, 6540, 253
249, 6550, 253
249, 6560, 251
249, 6570, 251
249, 6580, 251
249, 6590, 250
249, 6600, 250
249, 6610, 250
249, 6620, 250
249, 6630, 250
249, 6640, 250
249, 6650, 250
249, 6660, 251
249, 6670, 251
249, 6680, 250
249, 6690, 250
249, 6700, 250
249, 6710, 250
249, 6720, 250
249, 6730, 249
249, 6740, 249
249, 6750, 249
249, 6760, 249
249, 6770, 249
249, 6780, 249
249, 6790, 249
249, 6800, 249
249, 6810, 249
249, 6820, 249
249, 6830, 249
249, 6840, 249
249, 6850, 249
249, 6860, 249
249, 6870, 249
249, 6880, 249
249, 6890, 249
249, 6900, 249
249, 6910, 249
249, 6920, 249
249, 6930, 249
249, 6940, 249
249, 6950, 249
249, 6960, 249
249, 6970, 249
249, 6980, 249
249, 6990, 249
249, 7000, 250
249, 7010, 250
249, 7020, 250
249, 7030, 250
249, 7040, 250
249, 7050, 250
249, 7060, 250
249, 7070, 250
249, 7080, 250
249, 7090, 250
249, 7100, 249
249, 7110, 249
249, 7120, 249
249, 7130, 250
249, 7140, 250
249, 7150, 250
249, 7160, 250
249, 7170, 251
249, 7180, 253
250, 7190, 252
250, 7200, 293
250, 7210, 273
250, 7220, 258
250, 7230, 258
250, 7240, 257
250, 7250, 257
250, 7260, 262
250, 7270, 262
250, 7280, 261
250, 7290, 261
250, 7300, 261
250, 7310, 260
250, 7320, 260
250, 7330, 260
250, 7340, 260
250, 7350, 260
250, 7360, 260
250, 7370, 260
250, 7380, 261
250, 7390, 261
250, 7400, 262
250, 7410, 261
250, 7420, 261
250, 7430, 262
250, 7440, 262
250, 7450, 262
250, 7460, 261
250, 7470, 261
250, 7480, 261
250, 7490, 266
250, 7500, 266
250, 7510, 266
250, 7520, 265
250, 7530, 265
250, 7540, 265
250, 7550, 265
250, 7560, 260
250, 7570, 260
250, 7580, 259
250, 7590, 254
250, 7600, 254
250, 7610, 254
250, 7620, 254
250, 7630, 254
250, 7640, 254
250, 7650, 254
250, 7660, 253
250, 7670, 256
250, 7680, 259
250, 7690, 259
250, 7700, 259
250, 7710, 259
250, 7720, 258
250, 7730, 258
250, 7740, 256
250, 7750, 256
250, 7760, 255
250, 7770, 255
250, 7780, 255
250, 7790, 255
250, 7800, 255
250, 7810, 257
250, 7820, 259
250, 7830, 258
250, 7840, 338
250, 7850, 333
250, 7860, 260
250, 7870, 259
250, 7880, 282
250, 7890, 281
250, 7900, 281
250, 7910, 265
250, 7920, 255
250, 7930, 255
250, 7940, 255
250, 7950, 254
250, 7960, 254
250, 7970, 254
250, 7980, 254
250, 7990, 255
250, 8000, 256
250, 8010, 255
250, 8020, 256
250, 8030, 256
250, 8040, 253
250, 8050, 253
250, 8060, 253
250, 8070, 252
250, 8080, 252
250, 8090, 252
250, 8100, 252
250, 8110, 253
250, 8120, 254
250, 8130, 254
250, 8140, 253
250, 8150, 257
250, 8160, 262
250, 8170, 257
250, 8180, 253
250, 8190, 253
250, 8200, 257
250, 8210, 257
250, 8220, 256
250, 8230, 253
250, 8240, 252
250, 8250, 252
250, 8260, 254
250, 8270, 253
250, 8280, 252
250, 8290, 252
250, 8300, 252
250, 8310, 253
250, 8320, 252
250, 8330, 252
250, 8340, 252
250, 8350, 252
250, 8360, 252
250, 8370, 254
250, 8380, 254
250, 8390, 251
250, 8400, 251
250, 8410, 251
250, 8420, 251
250, 8430, 251
250, 8440, 251
250, 8450, 251
250, 8460, 251
250, 8470, 251
250, 8480, 251
250, 8490, 251
250, 8500, 251
250, 8510, 250
250, 8520, 250
250, 8530, 250
250, 8540, 250
250, 8550, 250
250, 8560, 250
250, 8570, 251
250, 8580, 250
250, 8590, 250
250, 8600, 250
250, 8610, 250
250, 8620, 250
250, 8630, 250
250, 8640, 250
250, 8650, 250
250, 8660, 250
250, 8670, 250
250, 8680, 250
250, 8690, 250
250, 8700, 250
250, 8710, 250
250, 8720, 250
250, 8730, 250
250, 8740, 250
250, 8750, 250
250, 8760, 250
250, 8770, 250
250, 8780, 250
250, 8790, 250
250, 8800, 250
250, 8810, 250
250, 8820, 250
250, 8830, 250
250, 8840, 250
250, 8850, 250
250, 8860, 250
250, 8870, 250
250, 8880, 250
250, 8890, 250
250, 8900, 250
250, 8910, 250
250, 8920, 250
250, 8930, 250
250, 8940, 250
250, 8950, 250
250, 8960, 250
250, 8970, 250
250, 8980, 250
250, 8990, 250
250, 9000, 250
250, 9010, 250
250, 9020, 250
250, 9030, 250
250, 9040, 250
250, 9050, 250
250, 9060, 250
250, 9070, 250
250, 9080, 250
250, 9090, 250
250, 9100, 250
250, 9110, 250
250, 9120, 250
250, 9130, 250
251, 9140, 250
252, 9150, 252
254, 9160, 253
255, 9170, 255
256, 9180, 256
256, 9190, 257
256, 9200, 257
256, 9210, 257
256, 9220, 257
256, 9230, 257
256, 9240, 257
256, 9250, 257

------------------------------------------------------------
Sender: LSF System <lsfadmin@n2e2-5>
Subject: Job 360694: </share/tjmenzie/zyu9/miniconda2/bin/python2.7 runner.py exp_HPC 6> in cluster <henry2> Done

Job </share/tjmenzie/zyu9/miniconda2/bin/python2.7 runner.py exp_HPC 6> was submitted from host <login01> by user <zyu9> in cluster <henry2> at Thu Mar 21 10:23:07 2019.
Job was executed on host(s) <2*n2e2-5>, in queue <single_chassis>, as user <zyu9> in cluster <henry2> at Thu Mar 21 10:23:10 2019.
</home/zyu9> was used as the home directory.
</home/zyu9/projects/Better-Est/src> was used as the working directory.
Started at Thu Mar 21 10:23:10 2019.
Terminated at Thu Mar 21 19:05:14 2019.
Results reported at Thu Mar 21 19:05:14 2019.

Your job looked like:

------------------------------------------------------------
# LSBATCH: User input
/share/tjmenzie/zyu9/miniconda2/bin/python2.7 runner.py exp_HPC 6
------------------------------------------------------------

Successfully completed.

Resource usage summary:

    CPU time :                                   34491.13 sec.
    Max Memory :                                 401.08 MB
    Average Memory :                             162.15 MB
    Total Requested Memory :                     -
    Delta Memory :                               -
    Max Swap :                                   1454 MB
    Max Processes :                              3
    Max Threads :                                11
    Run time :                                   31331 sec.
    Turnaround time :                            31327 sec.

The output (if any) is above this job summary.



PS:

Read file <./err/6.err.360694> for stderr output of this job.

