0, 0, 144
0, 10, 144
1, 20, 141
3, 30, 140
4, 40, 137
5, 50, 136
6, 60, 134
7, 70, 132
8, 80, 129
9, 90, 128
10, 100, 125
16, 110, 123
24, 120, 126
24, 130, 130
30, 140, 128
36, 150, 130
42, 160, 132
48, 170, 135
49, 180, 137
54, 190, 136
56, 200, 137
61, 210, 136
66, 220, 137
70, 230, 138
74, 240, 138
79, 250, 139
80, 260, 141
87, 270, 139
91, 280, 142
93, 290, 143
97, 300, 143
102, 310, 144
105, 320, 146
113, 330, 146
118, 340, 150
118, 350, 152
118, 360, 152
118, 370, 152
118, 380, 152
118, 390, 152
118, 400, 152
118, 410, 152
118, 420, 152
118, 430, 152
118, 440, 152
118, 450, 152
118, 460, 152
118, 470, 151
118, 480, 151
118, 490, 151
118, 500, 151
118, 510, 151
118, 520, 151
118, 530, 151
118, 540, 151
118, 550, 151
118, 560, 151
118, 570, 151
118, 580, 151
118, 590, 151
118, 600, 150
118, 610, 150
118, 620, 150
118, 630, 150
118, 640, 150
118, 650, 150
118, 660, 150
118, 670, 150
118, 680, 150
118, 690, 150
118, 700, 150
118, 710, 150
118, 720, 150
118, 730, 150
118, 740, 149
118, 750, 149
118, 760, 149
118, 770, 149
118, 780, 149
118, 790, 149
118, 800, 149
118, 810, 149
118, 820, 149
118, 830, 149
118, 840, 148
118, 850, 148
118, 860, 148
118, 870, 148
118, 880, 148
118, 890, 148
118, 900, 148
118, 910, 148
118, 920, 148
118, 930, 148
118, 940, 148
118, 950, 147
118, 960, 147
118, 970, 147
118, 980, 147
118, 990, 147
118, 1000, 147
118, 1010, 147
118, 1020, 147
118, 1030, 147
118, 1040, 146
118, 1050, 146
118, 1060, 146
118, 1070, 146
118, 1080, 146
118, 1090, 146
118, 1100, 146
118, 1110, 146
118, 1120, 146
118, 1130, 146
118, 1140, 146
118, 1150, 145
118, 1160, 145
118, 1170, 145
118, 1180, 145
118, 1190, 145
118, 1200, 145
118, 1210, 145
118, 1220, 145
118, 1230, 145
118, 1240, 145
118, 1250, 145
118, 1260, 145
118, 1270, 145
118, 1280, 144
118, 1290, 144
118, 1300, 144
118, 1310, 144
118, 1320, 144
118, 1330, 144
118, 1340, 144
118, 1350, 144
118, 1360, 144
118, 1370, 143
118, 1380, 143
118, 1390, 143
118, 1400, 143
118, 1410, 143
118, 1420, 143
118, 1430, 143
118, 1440, 143
118, 1450, 143
118, 1460, 143
118, 1470, 143
118, 1480, 143
118, 1490, 143
118, 1500, 143
118, 1510, 143
118, 1520, 143
118, 1530, 143
118, 1540, 142
118, 1550, 142
118, 1560, 142
118, 1570, 142
118, 1580, 142
118, 1590, 142
118, 1600, 142
118, 1610, 142
118, 1620, 142
118, 1630, 142
118, 1640, 142
118, 1650, 142
118, 1660, 142
118, 1670, 142
118, 1680, 141
118, 1690, 141
118, 1700, 141
118, 1710, 141
118, 1720, 141
118, 1730, 141
118, 1740, 141
118, 1750, 141
118, 1760, 141
118, 1770, 141
118, 1780, 141
118, 1790, 141
118, 1800, 141
118, 1810, 140
118, 1820, 140
118, 1830, 140
118, 1840, 140
118, 1850, 140
118, 1860, 140
118, 1870, 140
118, 1880, 140
118, 1890, 140
118, 1900, 140
118, 1910, 140
118, 1920, 140
118, 1930, 140
118, 1940, 140
118, 1950, 140
118, 1960, 140
118, 1970, 140
118, 1980, 139
118, 1990, 139
118, 2000, 139
118, 2010, 139
118, 2020, 139
118, 2030, 139
118, 2040, 139
118, 2050, 139
118, 2060, 139
118, 2070, 139
118, 2080, 138
118, 2090, 138
118, 2100, 138
118, 2110, 138
118, 2120, 138
118, 2130, 138
118, 2140, 138
118, 2150, 138
118, 2160, 138
118, 2170, 138
118, 2180, 138
118, 2190, 138
118, 2200, 138
118, 2210, 138
118, 2220, 137
118, 2230, 137
118, 2240, 137
118, 2250, 137
118, 2260, 137
118, 2270, 137
118, 2280, 137
118, 2290, 137
118, 2300, 137
118, 2310, 137
118, 2320, 137
118, 2330, 137
118, 2340, 136
118, 2350, 136
118, 2360, 136
118, 2370, 136
118, 2380, 136
118, 2390, 136
118, 2400, 136
118, 2410, 136
118, 2420, 136
118, 2430, 136
118, 2440, 136
118, 2450, 136
118, 2460, 136
118, 2470, 136
118, 2480, 135
118, 2490, 135
118, 2500, 135
118, 2510, 135
118, 2520, 135
118, 2530, 135
118, 2540, 135
118, 2550, 135
118, 2560, 135
118, 2570, 135
118, 2580, 135
118, 2590, 135
118, 2600, 134
118, 2610, 134
118, 2620, 134
118, 2630, 134
118, 2640, 134
118, 2650, 134
118, 2660, 134
118, 2670, 134
118, 2680, 134
118, 2690, 134
118, 2700, 134
118, 2710, 134
118, 2720, 134
118, 2730, 133
118, 2740, 133
118, 2750, 133
118, 2760, 133
118, 2770, 133
118, 2780, 133
118, 2790, 133
118, 2800, 133
118, 2810, 133
118, 2820, 133
118, 2830, 133
118, 2840, 133
118, 2850, 133
118, 2860, 132
118, 2870, 132
118, 2880, 132
118, 2890, 132
118, 2900, 132
118, 2910, 132
118, 2920, 132
118, 2930, 132
118, 2940, 132
118, 2950, 131
118, 2960, 131
118, 2970, 131
118, 2980, 131
118, 2990, 131
118, 3000, 131
118, 3010, 131
118, 3020, 131
118, 3030, 131
118, 3040, 131
118, 3050, 130
118, 3060, 130
118, 3070, 130
118, 3080, 130
118, 3090, 130
118, 3100, 130
118, 3110, 130
118, 3120, 129
118, 3130, 129
118, 3140, 129
118, 3150, 129
118, 3160, 129
118, 3170, 129
118, 3180, 129
118, 3190, 129
118, 3200, 129
118, 3210, 129
118, 3220, 128
118, 3230, 128
118, 3240, 128
118, 3250, 128
118, 3260, 128
118, 3270, 128
118, 3280, 128
118, 3290, 128
118, 3300, 128
118, 3310, 128
118, 3320, 127
118, 3330, 127
118, 3340, 127
118, 3350, 127
118, 3360, 127
118, 3370, 127
118, 3380, 127
118, 3390, 127
118, 3400, 127
118, 3410, 127
118, 3420, 127
118, 3430, 126
118, 3440, 126
118, 3450, 126
118, 3460, 126
118, 3470, 126
118, 3480, 126
118, 3490, 126
118, 3500, 126
118, 3510, 126
118, 3520, 126
118, 3530, 126
118, 3540, 125
118, 3550, 125
118, 3560, 125
118, 3570, 125
118, 3580, 125
118, 3590, 125
118, 3600, 125
118, 3610, 125
118, 3620, 125
118, 3630, 125
118, 3640, 125
118, 3650, 124
118, 3660, 124
118, 3670, 124
118, 3680, 124
118, 3690, 124
118, 3700, 124
118, 3710, 124
118, 3720, 124
118, 3730, 124
118, 3740, 123
118, 3750, 123
118, 3760, 123
118, 3770, 123
118, 3780, 123
118, 3790, 123
118, 3800, 123
118, 3810, 123
118, 3820, 123
118, 3830, 123
118, 3840, 123
118, 3850, 123
118, 3860, 122
118, 3870, 122
118, 3880, 122
118, 3890, 122
118, 3900, 122
118, 3910, 122
118, 3920, 122
118, 3930, 122
118, 3940, 122
118, 3950, 122
118, 3960, 122
118, 3970, 122
118, 3980, 122
118, 3990, 122
118, 4000, 122
118, 4010, 121
118, 4020, 121
118, 4030, 121
118, 4040, 121
118, 4050, 121
118, 4060, 121
118, 4070, 121
118, 4080, 121
118, 4090, 121
118, 4100, 121
118, 4110, 121
118, 4120, 121
118, 4130, 120
121, 4140, 120
0, 0, 144
0, 10, 144
1, 20, 141
3, 30, 140
4, 40, 137
5, 50, 136
6, 60, 134
7, 70, 132
8, 80, 129
9, 90, 128
10, 100, 125
16, 110, 123
24, 120, 126
24, 130, 130
30, 140, 128
36, 150, 130
42, 160, 132
48, 170, 135
49, 180, 137
54, 190, 136
56, 200, 137
61, 210, 136
66, 220, 137
70, 230, 138
74, 240, 138
79, 250, 139
80, 260, 141
87, 270, 139
91, 280, 142
93, 290, 143
97, 300, 143
102, 310, 144
105, 320, 146
113, 330, 146
118, 340, 150
118, 350, 152
118, 360, 152
118, 370, 152
118, 380, 152
118, 390, 152
118, 400, 152
118, 410, 152
118, 420, 152
118, 430, 152
118, 440, 152
118, 450, 152
118, 460, 152
118, 470, 151
118, 480, 151
118, 490, 151
118, 500, 151
118, 510, 151
118, 520, 151
118, 530, 151
118, 540, 151
118, 550, 151
118, 560, 151
118, 570, 151
118, 580, 151
118, 590, 151
118, 600, 150
118, 610, 150
118, 620, 150
118, 630, 150
118, 640, 150
118, 650, 150
118, 660, 150
118, 670, 150
118, 680, 150
118, 690, 150
118, 700, 150
118, 710, 150
118, 720, 150
118, 730, 150
118, 740, 149
118, 750, 149
118, 760, 149
118, 770, 149
118, 780, 149
118, 790, 149
118, 800, 149
118, 810, 149
118, 820, 149
118, 830, 149
118, 840, 148
118, 850, 148
118, 860, 148
118, 870, 148
118, 880, 148
118, 890, 148
118, 900, 148
118, 910, 148
118, 920, 148
118, 930, 148
118, 940, 148
118, 950, 147
118, 960, 147
118, 970, 147
118, 980, 147
118, 990, 147
118, 1000, 147
118, 1010, 147
118, 1020, 147
118, 1030, 147
118, 1040, 146
118, 1050, 146
118, 1060, 146
118, 1070, 146
118, 1080, 146
118, 1090, 146
118, 1100, 146
118, 1110, 146
118, 1120, 146
118, 1130, 146
118, 1140, 146
118, 1150, 145
118, 1160, 145
118, 1170, 145
118, 1180, 145
118, 1190, 145
118, 1200, 145
118, 1210, 145
118, 1220, 145
118, 1230, 145
118, 1240, 145
118, 1250, 145
118, 1260, 145
118, 1270, 145
118, 1280, 144
118, 1290, 144
118, 1300, 144
118, 1310, 144
118, 1320, 144
118, 1330, 144
118, 1340, 144
118, 1350, 144
118, 1360, 144
118, 1370, 143
118, 1380, 143
118, 1390, 143
118, 1400, 143
118, 1410, 143
118, 1420, 143
118, 1430, 143
118, 1440, 143
118, 1450, 143
118, 1460, 143
118, 1470, 143
118, 1480, 143
118, 1490, 143
118, 1500, 143
118, 1510, 143
118, 1520, 143
118, 1530, 143
118, 1540, 142
118, 1550, 142
118, 1560, 142
118, 1570, 142
118, 1580, 142
118, 1590, 142
118, 1600, 142
118, 1610, 142
118, 1620, 142
118, 1630, 142
118, 1640, 142
118, 1650, 142
118, 1660, 142
118, 1670, 142
118, 1680, 141
118, 1690, 141
118, 1700, 141
118, 1710, 141
118, 1720, 141
118, 1730, 141
118, 1740, 141
118, 1750, 141
118, 1760, 141
118, 1770, 141
118, 1780, 141
118, 1790, 141
118, 1800, 141
118, 1810, 140
118, 1820, 140
118, 1830, 140
118, 1840, 140
118, 1850, 140
118, 1860, 140
118, 1870, 140
118, 1880, 140
118, 1890, 140
118, 1900, 140
118, 1910, 140
118, 1920, 140
118, 1930, 140
118, 1940, 140
118, 1950, 140
118, 1960, 140
118, 1970, 140
118, 1980, 139
118, 1990, 139
118, 2000, 139
118, 2010, 139
118, 2020, 139
118, 2030, 139
118, 2040, 139
118, 2050, 139
118, 2060, 139
118, 2070, 139
118, 2080, 138
118, 2090, 138
118, 2100, 138
118, 2110, 138
118, 2120, 138
118, 2130, 138
118, 2140, 138
118, 2150, 138
118, 2160, 138
118, 2170, 138
118, 2180, 138
118, 2190, 138
118, 2200, 138
118, 2210, 138
118, 2220, 137
118, 2230, 137
118, 2240, 137
118, 2250, 137
118, 2260, 137
118, 2270, 137
118, 2280, 137
118, 2290, 137
118, 2300, 137
118, 2310, 137
118, 2320, 137
118, 2330, 137
118, 2340, 136
118, 2350, 136
118, 2360, 136
118, 2370, 136
118, 2380, 136
118, 2390, 136
118, 2400, 136
118, 2410, 136
118, 2420, 136
118, 2430, 136
118, 2440, 136
118, 2450, 136
118, 2460, 136
118, 2470, 136
118, 2480, 135
118, 2490, 135
118, 2500, 135
118, 2510, 135
118, 2520, 135
118, 2530, 135
118, 2540, 135
118, 2550, 135
118, 2560, 135
118, 2570, 135
118, 2580, 135
118, 2590, 135
118, 2600, 134
118, 2610, 134
118, 2620, 134
118, 2630, 134
118, 2640, 134
118, 2650, 134
118, 2660, 134
118, 2670, 134
118, 2680, 134
118, 2690, 134
118, 2700, 134
118, 2710, 134
118, 2720, 134
118, 2730, 133
118, 2740, 133
118, 2750, 133
118, 2760, 133
118, 2770, 133
118, 2780, 133
118, 2790, 133
118, 2800, 133
118, 2810, 133
118, 2820, 133
118, 2830, 133
118, 2840, 133
118, 2850, 133
118, 2860, 132
118, 2870, 132
118, 2880, 132
118, 2890, 132
118, 2900, 132
118, 2910, 132
118, 2920, 132
118, 2930, 132
118, 2940, 132
118, 2950, 131
118, 2960, 131
118, 2970, 131
118, 2980, 131
118, 2990, 131
118, 3000, 131
118, 3010, 131
118, 3020, 131
118, 3030, 131
118, 3040, 131
118, 3050, 130
118, 3060, 130
118, 3070, 130
118, 3080, 130
118, 3090, 130
118, 3100, 130
118, 3110, 130
118, 3120, 129
118, 3130, 129
118, 3140, 129
118, 3150, 129
118, 3160, 129
118, 3170, 129
118, 3180, 129
118, 3190, 129
118, 3200, 129
118, 3210, 129
118, 3220, 128
118, 3230, 128
118, 3240, 128
118, 3250, 128
118, 3260, 128
118, 3270, 128
118, 3280, 128
118, 3290, 128
118, 3300, 128
118, 3310, 128
118, 3320, 127
118, 3330, 127
118, 3340, 127
118, 3350, 127
118, 3360, 127
118, 3370, 127
118, 3380, 127
118, 3390, 127
118, 3400, 127
118, 3410, 127
118, 3420, 127
118, 3430, 126
118, 3440, 126
118, 3450, 126
118, 3460, 126
118, 3470, 126
118, 3480, 126
118, 3490, 126
118, 3500, 126
118, 3510, 126
118, 3520, 126
118, 3530, 126
118, 3540, 125
118, 3550, 125
118, 3560, 125
118, 3570, 125
118, 3580, 125
118, 3590, 125
118, 3600, 125
118, 3610, 125
118, 3620, 125
118, 3630, 125
118, 3640, 125
118, 3650, 124
118, 3660, 124
118, 3670, 124
118, 3680, 124
118, 3690, 124
118, 3700, 124
118, 3710, 124
118, 3720, 124
118, 3730, 124
118, 3740, 123
118, 3750, 123
118, 3760, 123
118, 3770, 123
118, 3780, 123
118, 3790, 123
118, 3800, 123
118, 3810, 123
118, 3820, 123
118, 3830, 123
118, 3840, 123
118, 3850, 123
118, 3860, 122
118, 3870, 122
118, 3880, 122
118, 3890, 122
118, 3900, 122
118, 3910, 122
118, 3920, 122
118, 3930, 122
118, 3940, 122
118, 3950, 122
118, 3960, 122
118, 3970, 122
118, 3980, 122
118, 3990, 122
118, 4000, 122
118, 4010, 121
118, 4020, 121
118, 4030, 121
118, 4040, 121
118, 4050, 121
118, 4060, 121
118, 4070, 121
118, 4080, 121
118, 4090, 121
118, 4100, 121
118, 4110, 121
118, 4120, 121
118, 4130, 120
121, 4140, 120

------------------------------------------------------------
Sender: LSF System <lsfadmin@n2d2-10>
Subject: Job 202903: </share/tjmenzie/zyu9/miniconda2/bin/python2.7 runner.py exp_HPC 7> in cluster <henry2> Done

Job </share/tjmenzie/zyu9/miniconda2/bin/python2.7 runner.py exp_HPC 7> was submitted from host <login01> by user <zyu9> in cluster <henry2> at Thu Mar 14 09:30:59 2019.
Job was executed on host(s) <1*n2d2-10>, in queue <single_chassis>, as user <zyu9> in cluster <henry2> at Thu Mar 14 09:31:02 2019.
                            <1*n2d2-11>
</home/zyu9> was used as the home directory.
</home/zyu9/projects/Better-Est/src> was used as the working directory.
Started at Thu Mar 14 09:31:02 2019.
Terminated at Thu Mar 14 17:32:47 2019.
Results reported at Thu Mar 14 17:32:47 2019.

Your job looked like:

------------------------------------------------------------
# LSBATCH: User input
/share/tjmenzie/zyu9/miniconda2/bin/python2.7 runner.py exp_HPC 7
------------------------------------------------------------

Successfully completed.

Resource usage summary:

    CPU time :                                   29304.12 sec.
    Max Memory :                                 421.71 MB
    Average Memory :                             172.61 MB
    Total Requested Memory :                     -
    Delta Memory :                               -
    Max Swap :                                   1476 MB
    Max Processes :                              3
    Max Threads :                                11
    Run time :                                   28905 sec.
    Turnaround time :                            28908 sec.

The output (if any) is above this job summary.



PS:

Read file <./err/7.err.202903> for stderr output of this job.

