0, 0, 144
0, 10, 144
1, 20, 141
3, 30, 140
4, 40, 137
5, 50, 136
6, 60, 134
7, 70, 132
8, 80, 129
9, 90, 128
10, 100, 125
16, 110, 123
24, 120, 126
24, 130, 130
30, 140, 128
36, 150, 130
42, 160, 132
48, 170, 135
49, 180, 137
54, 190, 136
56, 200, 137
61, 210, 136
66, 220, 137
70, 230, 138
74, 240, 138
79, 250, 139
80, 260, 141
87, 270, 139
91, 280, 142
93, 290, 143
97, 300, 143
102, 310, 144
105, 320, 146
113, 330, 146
118, 340, 150
118, 350, 152
118, 360, 152
118, 370, 152
118, 380, 152
118, 390, 152
118, 400, 152
118, 410, 152
118, 420, 152
118, 430, 152
118, 440, 152
118, 450, 152
118, 460, 152
118, 470, 151
118, 480, 151
118, 490, 151
118, 500, 151
118, 510, 151
118, 520, 151
118, 530, 151
118, 540, 151
118, 550, 151
118, 560, 151
118, 570, 151
118, 580, 151
118, 590, 151
118, 600, 150
118, 610, 150
118, 620, 150
118, 630, 150
118, 640, 150
118, 650, 150
118, 660, 150
118, 670, 150
118, 680, 150
118, 690, 150
118, 700, 150
118, 710, 150
118, 720, 150
118, 730, 150
118, 740, 149
118, 750, 149
118, 760, 149
118, 770, 149
118, 780, 149
118, 790, 149
118, 800, 149
118, 810, 149
118, 820, 149
118, 830, 149
118, 840, 148
118, 850, 148
118, 860, 148
118, 870, 148
118, 880, 148
118, 890, 148
118, 900, 148
118, 910, 148
118, 920, 148
118, 930, 148
118, 940, 148
118, 950, 147
118, 960, 147
118, 970, 147
118, 980, 147
118, 990, 147
118, 1000, 147
118, 1010, 147
118, 1020, 147
118, 1030, 147
118, 1040, 146
118, 1050, 146
118, 1060, 146
118, 1070, 146
118, 1080, 146
118, 1090, 146
118, 1100, 146
118, 1110, 146
118, 1120, 146
118, 1130, 146
118, 1140, 146
118, 1150, 145
118, 1160, 145
118, 1170, 145
118, 1180, 145
118, 1190, 145
118, 1200, 145
118, 1210, 145
118, 1220, 145
118, 1230, 145
118, 1240, 145
118, 1250, 145
118, 1260, 145
118, 1270, 145
118, 1280, 144
118, 1290, 144
118, 1300, 144
118, 1310, 144
118, 1320, 144
118, 1330, 144
118, 1340, 144
118, 1350, 144
118, 1360, 144
118, 1370, 143
118, 1380, 143
118, 1390, 143
118, 1400, 143
118, 1410, 143
118, 1420, 143
118, 1430, 143
118, 1440, 143
118, 1450, 143
118, 1460, 143
118, 1470, 143
118, 1480, 143
118, 1490, 143
118, 1500, 143
118, 1510, 143
118, 1520, 143
118, 1530, 143
118, 1540, 142
118, 1550, 142
118, 1560, 142
118, 1570, 142
118, 1580, 142
118, 1590, 142
118, 1600, 142
118, 1610, 142
118, 1620, 142
118, 1630, 142
118, 1640, 142
118, 1650, 142
118, 1660, 142
118, 1670, 142
118, 1680, 141
118, 1690, 141
118, 1700, 141
118, 1710, 141
118, 1720, 141
118, 1730, 141
118, 1740, 141
118, 1750, 141
118, 1760, 141
118, 1770, 141
118, 1780, 141
118, 1790, 141
118, 1800, 141
118, 1810, 140
118, 1820, 140
118, 1830, 140
118, 1840, 140
118, 1850, 140
118, 1860, 140
118, 1870, 140
118, 1880, 140
118, 1890, 140
118, 1900, 140
118, 1910, 140
118, 1920, 140
118, 1930, 140
118, 1940, 140
118, 1950, 140
118, 1960, 140
118, 1970, 140
118, 1980, 139
118, 1990, 139
118, 2000, 139
118, 2010, 139
118, 2020, 139
118, 2030, 139
118, 2040, 139
118, 2050, 139
118, 2060, 139
118, 2070, 139
118, 2080, 138
118, 2090, 138
118, 2100, 138
118, 2110, 138
118, 2120, 138
118, 2130, 138
118, 2140, 138
118, 2150, 138
118, 2160, 138
118, 2170, 138
118, 2180, 138
118, 2190, 138
118, 2200, 138
118, 2210, 138
118, 2220, 137
118, 2230, 137
118, 2240, 137
118, 2250, 137
118, 2260, 137
118, 2270, 137
118, 2280, 137
118, 2290, 137
118, 2300, 137
118, 2310, 137
118, 2320, 137
118, 2330, 137
118, 2340, 136
118, 2350, 136
118, 2360, 136
118, 2370, 136
118, 2380, 136
118, 2390, 136
118, 2400, 136
118, 2410, 136
118, 2420, 136
118, 2430, 136
118, 2440, 136
118, 2450, 136
118, 2460, 136
118, 2470, 136
118, 2480, 135
118, 2490, 135
118, 2500, 135
118, 2510, 135
118, 2520, 135
118, 2530, 135
118, 2540, 135
118, 2550, 135
118, 2560, 135
118, 2570, 135
118, 2580, 135
118, 2590, 135
118, 2600, 134
118, 2610, 134
118, 2620, 134
118, 2630, 134
118, 2640, 134
118, 2650, 134
118, 2660, 134
118, 2670, 134
118, 2680, 134
118, 2690, 134
118, 2700, 134
118, 2710, 134
118, 2720, 134
118, 2730, 133
118, 2740, 133
118, 2750, 133
118, 2760, 133
118, 2770, 133
118, 2780, 133
118, 2790, 133
118, 2800, 133
118, 2810, 133
118, 2820, 133
118, 2830, 133
118, 2840, 133
118, 2850, 133
118, 2860, 132
118, 2870, 132
118, 2880, 132
118, 2890, 132
118, 2900, 132
118, 2910, 132
118, 2920, 132
118, 2930, 132
118, 2940, 132
118, 2950, 131
118, 2960, 131
118, 2970, 131
118, 2980, 131
118, 2990, 131
118, 3000, 131
118, 3010, 131
118, 3020, 131
118, 3030, 131
118, 3040, 131
118, 3050, 130
118, 3060, 130
118, 3070, 130
118, 3080, 130
118, 3090, 130
118, 3100, 130
118, 3110, 130
118, 3120, 129
118, 3130, 129
118, 3140, 129
118, 3150, 129
118, 3160, 129
118, 3170, 129
118, 3180, 129
118, 3190, 129
118, 3200, 129
118, 3210, 129
118, 3220, 128
118, 3230, 128
118, 3240, 128
118, 3250, 128
118, 3260, 128
118, 3270, 128
118, 3280, 128
118, 3290, 128
118, 3300, 128
118, 3310, 128
118, 3320, 127
118, 3330, 127
118, 3340, 127
118, 3350, 127
118, 3360, 127
118, 3370, 127
118, 3380, 127
118, 3390, 127
118, 3400, 127
118, 3410, 127
118, 3420, 127
118, 3430, 126
118, 3440, 126
118, 3450, 126
118, 3460, 126
118, 3470, 126
118, 3480, 126
118, 3490, 126
118, 3500, 126
118, 3510, 126
118, 3520, 126
118, 3530, 126
118, 3540, 125
118, 3550, 125
118, 3560, 125
118, 3570, 125
118, 3580, 125
118, 3590, 125
118, 3600, 125
118, 3610, 125
118, 3620, 125
118, 3630, 125
118, 3640, 125
118, 3650, 124
118, 3660, 124
118, 3670, 124
118, 3680, 124
118, 3690, 124
118, 3700, 124
118, 3710, 124
118, 3720, 124
118, 3730, 124
118, 3740, 123
118, 3750, 123
118, 3760, 123
118, 3770, 123
118, 3780, 123
118, 3790, 123
118, 3800, 123
118, 3810, 123
118, 3820, 123
118, 3830, 123
118, 3840, 123
118, 3850, 123
118, 3860, 122
118, 3870, 122
118, 3880, 122
118, 3890, 122
118, 3900, 122
118, 3910, 122
118, 3920, 122
118, 3930, 122
118, 3940, 122
118, 3950, 122
118, 3960, 122
118, 3970, 122
118, 3980, 122
118, 3990, 122
118, 4000, 122
118, 4010, 121
118, 4020, 121
118, 4030, 121
118, 4040, 121
118, 4050, 121
118, 4060, 121
118, 4070, 121
118, 4080, 121
118, 4090, 121
118, 4100, 121
118, 4110, 121
118, 4120, 121
118, 4130, 120
121, 4140, 120
122, 4150, 123
123, 4160, 124
127, 4170, 125
131, 4180, 129
134, 4190, 133
138, 4200, 136
141, 4210, 140
145, 4220, 143
150, 4230, 147
153, 4240, 151
157, 4250, 154
161, 4260, 158
164, 4270, 162
168, 4280, 165
176, 4290, 169
178, 4300, 177
181, 4310, 179
184, 4320, 182
186, 4330, 185
188, 4340, 186
191, 4350, 188
192, 4360, 191
195, 4370, 192
201, 4380, 195
208, 4390, 201
208, 4400, 208
209, 4408, 208
0, 0, 0
0, 10, 0
0, 20, 0
0, 30, 0
0, 40, 0
0, 50, 0
0, 60, 0
0, 70, 0
0, 80, 0
1, 90, 0
1, 100, 105
11, 110, 105
21, 120, 92
31, 130, 102
41, 140, 61
51, 150, 68
61, 160, 78
61, 170, 78
61, 180, 69
61, 190, 66
61, 200, 64
61, 210, 63
61, 220, 63
61, 230, 63
61, 240, 63
61, 250, 63
62, 260, 63
64, 270, 65
64, 280, 66
64, 290, 66
64, 300, 65
66, 310, 66
67, 320, 68
69, 330, 69
69, 340, 71
69, 350, 71
70, 360, 71
70, 370, 72
73, 380, 71
76, 390, 74
76, 400, 78
83, 410, 78
92, 420, 87
94, 430, 101
102, 440, 99
105, 450, 106
106, 460, 109
107, 470, 112
107, 480, 110
108, 490, 110
108, 500, 110
108, 510, 111
115, 520, 112
125, 530, 120
135, 540, 132
145, 550, 143
152, 560, 151
161, 570, 156
165, 580, 163
166, 590, 167
166, 600, 169
166, 610, 168
166, 620, 169
166, 630, 168
166, 640, 168
166, 650, 168
166, 660, 168
166, 670, 167
166, 680, 168
166, 690, 168
166, 700, 168
166, 710, 168
167, 720, 167
170, 730, 169
173, 740, 172
173, 750, 175
173, 760, 174
173, 770, 174
173, 780, 174
173, 790, 174
173, 800, 174
173, 810, 174
173, 820, 174
173, 830, 175
173, 840, 174
173, 850, 174
173, 860, 174
173, 870, 174
173, 880, 174
173, 890, 174
173, 900, 174
173, 910, 174
173, 920, 174
173, 930, 174
173, 940, 174
173, 950, 174
173, 960, 174
173, 970, 174
173, 980, 174
173, 990, 174
173, 1000, 174
174, 1010, 174
177, 1020, 175
179, 1030, 178
180, 1040, 180
181, 1050, 181
182, 1060, 182
182, 1070, 183
182, 1080, 183
182, 1090, 183
182, 1100, 183
182, 1110, 183
182, 1120, 183
187, 1130, 182
192, 1140, 190
192, 1150, 193
192, 1160, 192
192, 1170, 192
192, 1180, 192
196, 1190, 192
196, 1200, 197
196, 1210, 196
196, 1220, 196
196, 1230, 196
197, 1240, 196
197, 1250, 197
197, 1260, 197
197, 1270, 197
197, 1280, 197
197, 1290, 197
197, 1300, 197
197, 1310, 197
197, 1320, 197
197, 1330, 197
197, 1340, 197
197, 1350, 197
197, 1360, 197
198, 1370, 197
198, 1380, 198
198, 1390, 198
198, 1400, 198
198, 1410, 198
198, 1420, 198
198, 1430, 198
198, 1440, 198
198, 1450, 198
198, 1460, 198
198, 1470, 198
198, 1480, 198
198, 1490, 198
198, 1500, 198
198, 1510, 198
198, 1520, 198
198, 1530, 198
198, 1540, 198
198, 1550, 198
198, 1560, 198
198, 1570, 198
198, 1580, 198
198, 1590, 198
198, 1600, 198
198, 1610, 198
198, 1620, 198
200, 1630, 198
200, 1640, 200
200, 1650, 200
201, 1660, 200
201, 1670, 201
201, 1680, 201
201, 1690, 201
201, 1700, 201
201, 1710, 201
201, 1720, 201
201, 1730, 201
201, 1740, 201
201, 1750, 201
201, 1760, 201
202, 1770, 201
202, 1780, 202
202, 1790, 202
203, 1800, 202
203, 1810, 203
203, 1820, 203
203, 1830, 203
203, 1840, 203
204, 1850, 203
204, 1860, 204
204, 1870, 204
204, 1880, 204
204, 1890, 204
204, 1900, 204
204, 1910, 204
204, 1920, 204
204, 1930, 204
204, 1940, 204
204, 1950, 204
204, 1960, 204
204, 1970, 204
204, 1980, 204
204, 1990, 204
204, 2000, 204
204, 2010, 204
204, 2020, 204
204, 2030, 204
204, 2040, 204
204, 2050, 204
204, 2060, 204
204, 2070, 204
204, 2080, 204
204, 2090, 204
204, 2100, 204
204, 2110, 204
205, 2120, 204
206, 2130, 205
206, 2140, 206
206, 2150, 206
206, 2160, 206
207, 2170, 206
207, 2180, 207
207, 2190, 207
207, 2200, 207
207, 2210, 207
207, 2220, 207
207, 2230, 207
207, 2240, 207
208, 2250, 207
209, 2260, 208

------------------------------------------------------------
Sender: LSF System <lsfadmin@n2e5-11>
Subject: Job 248271: </share/tjmenzie/zyu9/miniconda2/bin/python2.7 runner.py exp_HPC 7> in cluster <henry2> Done

Job </share/tjmenzie/zyu9/miniconda2/bin/python2.7 runner.py exp_HPC 7> was submitted from host <login01> by user <zyu9> in cluster <henry2> at Sat Mar 16 09:20:05 2019.
Job was executed on host(s) <2*n2e5-11>, in queue <single_chassis>, as user <zyu9> in cluster <henry2> at Sat Mar 16 09:20:08 2019.
</home/zyu9> was used as the home directory.
</home/zyu9/projects/Better-Est/src> was used as the working directory.
Started at Sat Mar 16 09:20:08 2019.
Terminated at Sat Mar 16 13:21:24 2019.
Results reported at Sat Mar 16 13:21:24 2019.

Your job looked like:

------------------------------------------------------------
# LSBATCH: User input
/share/tjmenzie/zyu9/miniconda2/bin/python2.7 runner.py exp_HPC 7
------------------------------------------------------------

Successfully completed.

Resource usage summary:

    CPU time :                                   14801.70 sec.
    Max Memory :                                 402.48 MB
    Average Memory :                             165.60 MB
    Total Requested Memory :                     -
    Delta Memory :                               -
    Max Swap :                                   1456 MB
    Max Processes :                              3
    Max Threads :                                11
    Run time :                                   14486 sec.
    Turnaround time :                            14479 sec.

The output (if any) is above this job summary.



PS:

Read file <./err/7.err.248271> for stderr output of this job.

