0, 0, 144
7, 10, 144
16, 20, 146
25, 30, 149
35, 40, 153
44, 50, 159
53, 60, 162
61, 70, 167
69, 80, 170
74, 90, 173
79, 100, 173
84, 110, 173
90, 120, 173
91, 130, 174
97, 140, 170
101, 150, 171
103, 160, 170
105, 170, 167
107, 180, 166
109, 190, 164
114, 200, 163
116, 210, 165
117, 220, 165
118, 230, 165
118, 240, 164
118, 250, 163
118, 260, 161
118, 270, 160
118, 280, 159
118, 290, 158
118, 300, 157
118, 310, 156
118, 320, 155
118, 330, 154
118, 340, 153
118, 350, 152
118, 360, 151
118, 370, 150
118, 380, 149
118, 390, 148
118, 400, 148
119, 410, 147
119, 420, 147
119, 430, 147
119, 440, 146
119, 450, 145
119, 460, 145
119, 470, 144
119, 480, 144
119, 490, 143
119, 500, 143
119, 510, 142
119, 520, 142
119, 530, 141
120, 540, 141
121, 550, 141
125, 560, 142
126, 570, 146
126, 580, 146
126, 590, 146
126, 600, 146
126, 610, 145
126, 620, 145
126, 630, 145
126, 640, 144
128, 650, 144
128, 660, 146
128, 670, 145
128, 680, 145
128, 690, 145
128, 700, 145
128, 710, 144
128, 720, 144
128, 730, 144
128, 740, 144
128, 750, 144
128, 760, 143
128, 770, 143
128, 780, 143
128, 790, 143
128, 800, 142
128, 810, 142
128, 820, 142
128, 830, 142
133, 840, 142
143, 850, 147
153, 860, 157
163, 870, 167
173, 880, 177
183, 890, 187
189, 900, 197
189, 910, 203
189, 920, 203
190, 930, 203
191, 940, 204
191, 950, 205
191, 960, 204
191, 970, 204
191, 980, 204
191, 990, 204
192, 1000, 204
192, 1010, 205
192, 1020, 204
192, 1030, 204
192, 1040, 204
192, 1050, 204
195, 1060, 204
196, 1070, 207
196, 1080, 208
196, 1090, 207
196, 1100, 207
196, 1110, 207
196, 1120, 207
196, 1130, 207
196, 1140, 207
196, 1150, 207
196, 1160, 207
196, 1170, 206
196, 1180, 206
197, 1190, 206
197, 1200, 207
197, 1210, 207
197, 1220, 207
197, 1230, 207
197, 1240, 207
197, 1250, 207
197, 1260, 207
197, 1270, 206
197, 1280, 206
197, 1290, 206
197, 1300, 206
197, 1310, 206
197, 1320, 206
197, 1330, 206
197, 1340, 206
197, 1350, 206
197, 1360, 206
198, 1370, 206
198, 1380, 207
198, 1390, 206
198, 1400, 206
198, 1410, 206
198, 1420, 206
198, 1430, 206
198, 1440, 206
198, 1450, 206
198, 1460, 206
198, 1470, 206
198, 1480, 206
198, 1490, 206
198, 1500, 206
198, 1510, 205
198, 1520, 205
198, 1530, 205
198, 1540, 205
198, 1550, 205
198, 1560, 205
198, 1570, 205
198, 1580, 205
198, 1590, 205
198, 1600, 205
198, 1610, 205
198, 1620, 205
198, 1630, 205
198, 1640, 205
198, 1650, 205
198, 1660, 204
198, 1670, 204
198, 1680, 204
198, 1690, 204
198, 1700, 204
198, 1710, 204
198, 1720, 204
198, 1730, 204
198, 1740, 204
198, 1750, 204
198, 1760, 204
198, 1770, 204
198, 1780, 204
198, 1790, 204
198, 1800, 204
198, 1810, 204
198, 1820, 204
198, 1830, 203
198, 1840, 203
198, 1850, 203
198, 1860, 203
198, 1870, 203
198, 1880, 203
198, 1890, 203
198, 1900, 203
198, 1910, 203
198, 1920, 203
198, 1930, 203
198, 1940, 203
198, 1950, 203
198, 1960, 203
198, 1970, 203
198, 1980, 203
198, 1990, 203
198, 2000, 203
198, 2010, 203
198, 2020, 203
198, 2030, 203
198, 2040, 202
198, 2050, 202
198, 2060, 202
198, 2070, 202
198, 2080, 202
198, 2090, 202
198, 2100, 202
198, 2110, 202
198, 2120, 202
198, 2130, 202
198, 2140, 202
198, 2150, 202
198, 2160, 202
198, 2170, 202
198, 2180, 202
198, 2190, 202
198, 2200, 202
198, 2210, 202
198, 2220, 202
198, 2230, 202
198, 2240, 202
198, 2250, 202
198, 2260, 202
199, 2270, 202
199, 2280, 203
199, 2290, 203
199, 2300, 202
199, 2310, 202
199, 2320, 202
199, 2330, 202
199, 2340, 202
199, 2350, 202
199, 2360, 202
199, 2370, 202
199, 2380, 202
199, 2390, 202
199, 2400, 202
199, 2410, 202
199, 2420, 202
199, 2430, 202
199, 2440, 202
199, 2450, 202
199, 2460, 202
199, 2470, 202
199, 2480, 202
199, 2490, 202
199, 2500, 202
199, 2510, 202
199, 2520, 202
199, 2530, 202
199, 2540, 202
199, 2550, 202
199, 2560, 202
199, 2570, 202
199, 2580, 202
199, 2590, 202
199, 2600, 202
199, 2610, 202
199, 2620, 202
199, 2630, 202
199, 2640, 202
199, 2650, 201
199, 2660, 201
199, 2670, 201
199, 2680, 201
199, 2690, 201
199, 2700, 201
199, 2710, 201
199, 2720, 201
199, 2730, 201
199, 2740, 201
199, 2750, 201
199, 2760, 201
199, 2770, 201
199, 2780, 201
199, 2790, 201
199, 2800, 201
199, 2810, 201
199, 2820, 201
199, 2830, 201
199, 2840, 201
199, 2850, 201
199, 2860, 201
199, 2870, 201
199, 2880, 201
199, 2890, 201
199, 2900, 201
199, 2910, 201
199, 2920, 201
199, 2930, 201
199, 2940, 201
199, 2950, 201
199, 2960, 201
199, 2970, 201
199, 2980, 201
199, 2990, 201
199, 3000, 201
199, 3010, 201
199, 3020, 201
199, 3030, 200
199, 3040, 200
199, 3050, 200
199, 3060, 200
199, 3070, 200
199, 3080, 200
199, 3090, 200
199, 3100, 200
199, 3110, 200
199, 3120, 200
199, 3130, 200
199, 3140, 200
199, 3150, 200
199, 3160, 200
199, 3170, 200
199, 3180, 200
199, 3190, 200
199, 3200, 200
199, 3210, 200
199, 3220, 200
199, 3230, 200
199, 3240, 200
199, 3250, 200
199, 3260, 200
199, 3270, 200
199, 3280, 200
199, 3290, 200
199, 3300, 200
199, 3310, 200
199, 3320, 200
199, 3330, 200
199, 3340, 200
199, 3350, 200
199, 3360, 200
199, 3370, 200
199, 3380, 200
199, 3390, 200
199, 3400, 200
199, 3410, 200
199, 3420, 200
199, 3430, 200
199, 3440, 200
199, 3450, 199
199, 3460, 199
199, 3470, 199
199, 3480, 199
199, 3490, 199
199, 3500, 199
199, 3510, 199
199, 3520, 199
199, 3530, 199
199, 3540, 199
199, 3550, 199
199, 3560, 199
199, 3570, 199
199, 3580, 199
199, 3590, 199
199, 3600, 199
199, 3610, 199
199, 3620, 199
199, 3630, 199
199, 3640, 199
199, 3650, 199
199, 3660, 199
199, 3670, 199
199, 3680, 199
199, 3690, 199
199, 3700, 199
199, 3710, 199
199, 3720, 199
199, 3730, 199
199, 3740, 199
199, 3750, 199
199, 3760, 199
199, 3770, 199
199, 3780, 199
199, 3790, 199
203, 3800, 199
209, 3810, 203
0, 0, 0
0, 10, 0
0, 20, 0
0, 30, 0
0, 40, 0
0, 50, 0
0, 60, 0
0, 70, 0
0, 80, 0
1, 90, 0
1, 100, 105
11, 110, 105
21, 120, 92
31, 130, 102
41, 140, 61
51, 150, 68
61, 160, 78
61, 170, 78
61, 180, 69
61, 190, 66
61, 200, 64
61, 210, 63
61, 220, 63
61, 230, 63
61, 240, 63
61, 250, 63
62, 260, 63
64, 270, 65
64, 280, 66
64, 290, 66
64, 300, 65
66, 310, 66
67, 320, 68
69, 330, 69
69, 340, 71
69, 350, 71
70, 360, 71
70, 370, 72
73, 380, 71
76, 390, 74
76, 400, 78
83, 410, 78
92, 420, 87
94, 430, 101
102, 440, 99
105, 450, 106
106, 460, 109
107, 470, 112
107, 480, 110
108, 490, 110
108, 500, 110
108, 510, 111
115, 520, 112
125, 530, 120
135, 540, 132
145, 550, 143
152, 560, 151
161, 570, 156
165, 580, 163
166, 590, 167
166, 600, 169
166, 610, 168
166, 620, 169
166, 630, 168
166, 640, 168
166, 650, 168
166, 660, 168
166, 670, 167
166, 680, 168
166, 690, 168
166, 700, 168
166, 710, 168
167, 720, 167
170, 730, 169
173, 740, 172
173, 750, 175
173, 760, 174
173, 770, 174
173, 780, 174
173, 790, 174
173, 800, 174
173, 810, 174
173, 820, 174
173, 830, 175
173, 840, 174
173, 850, 174
173, 860, 174
173, 870, 174
173, 880, 174
173, 890, 174
173, 900, 174
173, 910, 174
173, 920, 174
173, 930, 174
173, 940, 174
173, 950, 174
173, 960, 174
173, 970, 174
173, 980, 174
173, 990, 174
173, 1000, 174
174, 1010, 174
177, 1020, 175
179, 1030, 178
180, 1040, 180
181, 1050, 181
182, 1060, 182
182, 1070, 183
182, 1080, 183
182, 1090, 183
182, 1100, 183
182, 1110, 183
182, 1120, 183
187, 1130, 182
192, 1140, 190
192, 1150, 193
192, 1160, 192
192, 1170, 192
192, 1180, 192
196, 1190, 192
196, 1200, 197
196, 1210, 196
196, 1220, 196
196, 1230, 196
197, 1240, 196
197, 1250, 197
197, 1260, 197
197, 1270, 197
197, 1280, 197
197, 1290, 197
197, 1300, 197
197, 1310, 197
197, 1320, 197
197, 1330, 197
197, 1340, 197
197, 1350, 197
197, 1360, 197
198, 1370, 197
198, 1380, 198
198, 1390, 198
198, 1400, 198
198, 1410, 198
198, 1420, 198
198, 1430, 198
198, 1440, 198
198, 1450, 198
198, 1460, 198
198, 1470, 198
198, 1480, 198
198, 1490, 198
198, 1500, 198
198, 1510, 198
198, 1520, 198
198, 1530, 198
198, 1540, 198
198, 1550, 198
198, 1560, 198
198, 1570, 198
198, 1580, 198
198, 1590, 198
198, 1600, 198
198, 1610, 198
198, 1620, 198
200, 1630, 198
200, 1640, 200
200, 1650, 200
201, 1660, 200
201, 1670, 201
201, 1680, 201
201, 1690, 201
201, 1700, 201
201, 1710, 201
201, 1720, 201
201, 1730, 201
201, 1740, 201
201, 1750, 201
201, 1760, 201
202, 1770, 201
202, 1780, 202
202, 1790, 202
203, 1800, 202
203, 1810, 203
203, 1820, 203
203, 1830, 203
203, 1840, 203
204, 1850, 203
204, 1860, 204
204, 1870, 204
204, 1880, 204
204, 1890, 204
204, 1900, 204
204, 1910, 204
204, 1920, 204
204, 1930, 204
204, 1940, 204
204, 1950, 204
204, 1960, 204
204, 1970, 204
204, 1980, 204
204, 1990, 204
204, 2000, 204
204, 2010, 204
204, 2020, 204
204, 2030, 204
204, 2040, 204
204, 2050, 204
204, 2060, 204
204, 2070, 204
204, 2080, 204
204, 2090, 204
204, 2100, 204
204, 2110, 204
205, 2120, 204
206, 2130, 205
206, 2140, 206
206, 2150, 206
206, 2160, 206
207, 2170, 206
207, 2180, 207
207, 2190, 207
207, 2200, 207
207, 2210, 207
207, 2220, 207
207, 2230, 207
207, 2240, 207
208, 2250, 207
209, 2260, 208

------------------------------------------------------------
Sender: LSF System <lsfadmin@n2c3-13>
Subject: Job 287949: </share/tjmenzie/zyu9/miniconda2/bin/python2.7 runner.py exp_HPC 7> in cluster <henry2> Done

Job </share/tjmenzie/zyu9/miniconda2/bin/python2.7 runner.py exp_HPC 7> was submitted from host <login01> by user <zyu9> in cluster <henry2> at Mon Mar 18 10:59:50 2019.
Job was executed on host(s) <2*n2c3-13>, in queue <single_chassis>, as user <zyu9> in cluster <henry2> at Mon Mar 18 10:59:57 2019.
</home/zyu9> was used as the home directory.
</home/zyu9/projects/Better-Est/src> was used as the working directory.
Started at Mon Mar 18 10:59:57 2019.
Terminated at Mon Mar 18 14:10:25 2019.
Results reported at Mon Mar 18 14:10:25 2019.

Your job looked like:

------------------------------------------------------------
# LSBATCH: User input
/share/tjmenzie/zyu9/miniconda2/bin/python2.7 runner.py exp_HPC 7
------------------------------------------------------------

Successfully completed.

Resource usage summary:

    CPU time :                                   12029.83 sec.
    Max Memory :                                 405.37 MB
    Average Memory :                             168.12 MB
    Total Requested Memory :                     -
    Delta Memory :                               -
    Max Swap :                                   1731 MB
    Max Processes :                              3
    Max Threads :                                15
    Run time :                                   11430 sec.
    Turnaround time :                            11435 sec.

The output (if any) is above this job summary.



PS:

Read file <./err/7.err.287949> for stderr output of this job.

