0, 0, 350
10, 10, 350
20, 20, 356
30, 30, 362
40, 40, 368
49, 50, 374
59, 60, 379
69, 70, 384
79, 80, 390
89, 90, 396
99, 100, 403
109, 110, 408
119, 120, 414
128, 130, 420
138, 140, 425
148, 150, 430
158, 160, 436
167, 170, 442
175, 180, 447
182, 190, 450
191, 200, 454
197, 210, 458
197, 220, 461
206, 230, 459
210, 240, 464
217, 250, 465
223, 260, 468
231, 270, 471
238, 280, 476
242, 290, 480
250, 300, 479
253, 310, 482
259, 320, 482
268, 330, 485
275, 340, 490
276, 350, 493
282, 360, 492
291, 370, 493
295, 380, 499
303, 390, 500
312, 400, 503
318, 410, 508
324, 420, 511
329, 430, 513
335, 440, 514
345, 450, 517
346, 460, 522
353, 470, 521
359, 480, 524
368, 490, 526
372, 500, 531
380, 510, 531
388, 520, 535
392, 530, 539
399, 540, 540
405, 550, 543
411, 560, 545
417, 570, 547
426, 580, 550
435, 590, 554
439, 600, 559
446, 610, 559
453, 620, 563
458, 630, 566
466, 640, 567
469, 650, 570
473, 660, 571
481, 670, 573
488, 680, 577
495, 690, 579
497, 700, 582
502, 710, 581
511, 720, 582
516, 730, 586
523, 740, 586
531, 750, 589
538, 760, 592
546, 770, 596
553, 780, 600
558, 790, 603
560, 800, 604
568, 810, 604
571, 820, 608
571, 830, 609
571, 840, 609
571, 850, 609
571, 860, 608
571, 870, 608
571, 880, 608
571, 890, 608
571, 900, 608
571, 910, 608
571, 920, 608
571, 930, 608
571, 940, 608
571, 950, 608
571, 960, 608
571, 970, 607
571, 980, 607
571, 990, 607
571, 1000, 607
571, 1010, 607
571, 1020, 607
571, 1030, 607
571, 1040, 607
571, 1050, 606
571, 1060, 606
571, 1070, 606
571, 1080, 606
571, 1090, 606
571, 1100, 606
571, 1110, 605
571, 1120, 605
571, 1130, 605
571, 1140, 605
571, 1150, 605
571, 1160, 605
571, 1170, 605
571, 1180, 605
571, 1190, 605
571, 1200, 605
571, 1210, 605
571, 1220, 605
571, 1230, 605
571, 1240, 605
571, 1250, 604
571, 1260, 604
571, 1270, 604
571, 1280, 604
571, 1290, 604
571, 1300, 604
571, 1310, 604
571, 1320, 604
571, 1330, 604
571, 1340, 604
571, 1350, 603
571, 1360, 603
571, 1370, 603
571, 1380, 603
571, 1390, 603
571, 1400, 603
571, 1410, 603
571, 1420, 603
571, 1430, 603
571, 1440, 603
571, 1450, 602
571, 1460, 602
571, 1470, 602
571, 1480, 602
571, 1490, 602
571, 1500, 602
571, 1510, 602
571, 1520, 602
571, 1530, 602
571, 1540, 602
571, 1550, 601
571, 1560, 601
571, 1570, 601
571, 1580, 601
571, 1590, 601
571, 1600, 601
571, 1610, 601
571, 1620, 601
571, 1630, 601
571, 1640, 601
571, 1650, 600
571, 1660, 600
571, 1670, 600
571, 1680, 600
571, 1690, 600
571, 1700, 600
571, 1710, 600
571, 1720, 600
571, 1730, 600
571, 1740, 600
571, 1750, 599
571, 1760, 599
571, 1770, 599
571, 1780, 599
571, 1790, 599
571, 1800, 599
571, 1810, 599
571, 1820, 599
571, 1830, 599
571, 1840, 599
571, 1850, 599
571, 1860, 599
571, 1870, 599
571, 1880, 598
571, 1890, 598
571, 1900, 598
571, 1910, 598
571, 1920, 598
571, 1930, 598
571, 1940, 598
571, 1950, 598
571, 1960, 598
571, 1970, 598
571, 1980, 598
571, 1990, 598
571, 2000, 597
571, 2010, 597
571, 2020, 597
571, 2030, 597
571, 2040, 597
571, 2050, 597
571, 2060, 597
571, 2070, 597
571, 2080, 597
571, 2090, 597
571, 2100, 597
571, 2110, 596
571, 2120, 596
571, 2130, 596
571, 2140, 596
571, 2150, 596
571, 2160, 596
571, 2170, 596
571, 2180, 596
571, 2190, 596
571, 2200, 595
571, 2210, 595
571, 2220, 595
571, 2230, 595
571, 2240, 595
571, 2250, 594
571, 2260, 594
571, 2270, 594
571, 2280, 594
571, 2290, 594
571, 2300, 594
571, 2310, 594
571, 2320, 594
571, 2330, 594
571, 2340, 594
571, 2350, 593
571, 2360, 593
571, 2370, 593
571, 2380, 593
571, 2390, 593
571, 2400, 593
571, 2410, 593
571, 2420, 593
571, 2430, 593
571, 2440, 593
571, 2450, 593
571, 2460, 592
571, 2470, 592
571, 2480, 592
571, 2490, 592
571, 2500, 592
571, 2510, 592
571, 2520, 592
571, 2530, 592
571, 2540, 592
571, 2550, 592
571, 2560, 592
571, 2570, 592
571, 2580, 592
571, 2590, 592
571, 2600, 592
571, 2610, 592
571, 2620, 592
571, 2630, 591
571, 2640, 591
571, 2650, 591
571, 2660, 591
571, 2670, 591
571, 2680, 591
571, 2690, 591
571, 2700, 591
571, 2710, 591
571, 2720, 591
571, 2730, 591
571, 2740, 591
571, 2750, 591
571, 2760, 591
571, 2770, 591
571, 2780, 590
571, 2790, 590
571, 2800, 590
571, 2810, 590
571, 2820, 590
571, 2830, 590
571, 2840, 590
571, 2850, 590
571, 2860, 590
571, 2870, 590
571, 2880, 589
571, 2890, 589
571, 2900, 589
571, 2910, 589
571, 2920, 589
571, 2930, 589
571, 2940, 589
571, 2950, 589
571, 2960, 589
571, 2970, 588
571, 2980, 588
571, 2990, 588
571, 3000, 588
571, 3010, 588
571, 3020, 588
571, 3030, 588
571, 3040, 588
571, 3050, 588
571, 3060, 588
571, 3070, 588
571, 3080, 588
571, 3090, 587
571, 3100, 587
571, 3110, 587
571, 3120, 587
571, 3130, 587
571, 3140, 587
571, 3150, 587
571, 3160, 587
571, 3170, 587
571, 3180, 587
571, 3190, 587
571, 3200, 587
571, 3210, 587
571, 3220, 586
571, 3230, 586
571, 3240, 586
571, 3250, 586
571, 3260, 586
571, 3270, 586
571, 3280, 586
571, 3290, 586
571, 3300, 586
571, 3310, 586
571, 3320, 586
571, 3330, 585
571, 3340, 585
571, 3350, 585
571, 3360, 585
571, 3370, 585
571, 3380, 585
571, 3390, 585
571, 3400, 585
571, 3410, 585
571, 3420, 584
571, 3430, 584
571, 3440, 584
571, 3450, 584
571, 3460, 584
571, 3470, 584
571, 3480, 584
571, 3490, 583
571, 3500, 583
571, 3510, 583
571, 3520, 583
571, 3530, 583
571, 3540, 583
571, 3550, 583
571, 3560, 583
571, 3570, 583
571, 3580, 583
571, 3590, 582
571, 3600, 582
571, 3610, 582
571, 3620, 582
571, 3630, 582
571, 3640, 582
571, 3650, 582
571, 3660, 582
571, 3670, 582
571, 3680, 582
571, 3690, 582
571, 3700, 582
571, 3710, 581
571, 3720, 581
571, 3730, 581
571, 3740, 581
571, 3750, 581
571, 3760, 581
571, 3770, 581
571, 3780, 581
571, 3790, 581
571, 3800, 581
571, 3810, 581
571, 3820, 580
571, 3830, 580
571, 3840, 580
571, 3850, 580
571, 3860, 580
571, 3870, 580
571, 3880, 580
571, 3890, 580
571, 3900, 579
571, 3910, 579
571, 3920, 579
571, 3930, 579
571, 3940, 579
571, 3950, 579
571, 3960, 579
571, 3970, 579
571, 3980, 579
571, 3990, 579
571, 4000, 578
571, 4010, 578
571, 4020, 578
571, 4030, 578
571, 4040, 578
571, 4050, 578
571, 4060, 578
571, 4070, 578
571, 4080, 578
571, 4090, 578
571, 4100, 578
571, 4110, 578
571, 4120, 578
571, 4130, 577
571, 4140, 577
571, 4150, 577
571, 4160, 577
571, 4170, 577
571, 4180, 577
571, 4190, 577
571, 4200, 577
571, 4210, 577
571, 4220, 577
571, 4230, 577
571, 4240, 577
571, 4250, 576
571, 4260, 576
571, 4270, 576
571, 4280, 576
571, 4290, 576
571, 4300, 576
571, 4310, 576
571, 4320, 576
571, 4330, 576
571, 4340, 576
571, 4350, 575
571, 4360, 575
571, 4370, 575
571, 4380, 575
571, 4390, 575
571, 4400, 575
571, 4410, 575
571, 4420, 575
571, 4430, 575
571, 4440, 575
571, 4450, 575
571, 4460, 575
571, 4470, 575
571, 4480, 575
571, 4490, 575
571, 4500, 575
571, 4510, 575
571, 4520, 574
571, 4530, 574
571, 4540, 574
571, 4550, 574
571, 4560, 574
571, 4570, 574
571, 4580, 574
571, 4590, 574
571, 4600, 574
571, 4610, 574
571, 4620, 574
571, 4630, 574
571, 4640, 574
571, 4650, 574
571, 4660, 574
571, 4670, 574
571, 4680, 573
571, 4690, 573
571, 4700, 573
571, 4710, 573
571, 4720, 573
571, 4730, 573
571, 4740, 573
575, 4750, 573
578, 4760, 577
581, 4770, 580
589, 4780, 583
592, 4790, 590
595, 4800, 593
597, 4810, 596
599, 4820, 598
602, 4830, 600
603, 4840, 603
604, 4850, 604
610, 4860, 604
614, 4870, 610
621, 4880, 614
621, 4890, 621
622, 4897, 621
0, 0, 0
1, 10, 0
3, 20, 93
8, 30, 72
16, 40, 71
24, 50, 74
33, 60, 79
36, 70, 69
46, 80, 74
54, 90, 98
64, 100, 106
74, 110, 112
84, 120, 141
93, 130, 140
99, 140, 164
107, 150, 159
117, 160, 166
126, 170, 179
136, 180, 188
145, 190, 200
155, 200, 208
162, 210, 226
172, 220, 227
182, 230, 237
192, 240, 266
202, 250, 275
212, 260, 283
222, 270, 303
231, 280, 331
241, 290, 348
251, 300, 366
259, 310, 390
269, 320, 405
276, 330, 428
286, 340, 424
296, 350, 456
306, 360, 477
316, 370, 483
326, 380, 506
336, 390, 520
345, 400, 548
355, 410, 572
364, 420, 587
374, 430, 607
384, 440, 626
394, 450, 704
404, 460, 690
414, 470, 692
424, 480, 696
434, 490, 701
444, 500, 708
454, 510, 713
464, 520, 731
473, 530, 732
483, 540, 743
493, 550, 759
503, 560, 779
513, 570, 800
521, 580, 805
531, 590, 818
535, 600, 864
539, 610, 861
539, 620, 855
539, 630, 826
540, 640, 824
541, 650, 812
541, 660, 811
541, 670, 795
544, 680, 782
545, 690, 783
547, 700, 755
547, 710, 759
547, 720, 752
548, 730, 742
548, 740, 737
548, 750, 735
548, 760, 734
549, 770, 715
549, 780, 712
551, 790, 698
553, 800, 723
554, 810, 696
557, 820, 700
561, 830, 695
563, 840, 697
564, 850, 692
564, 860, 686
564, 870, 678
565, 880, 681
565, 890, 674
565, 900, 663
565, 910, 666
566, 920, 662
566, 930, 651
569, 940, 652
576, 950, 643
578, 960, 664
578, 970, 660
578, 980, 657
578, 990, 643
578, 1000, 653
579, 1010, 639
579, 1020, 633
579, 1030, 643
579, 1040, 635
579, 1050, 637
579, 1060, 625
579, 1070, 623
580, 1080, 624
580, 1090, 623
580, 1100, 619
580, 1110, 617
580, 1120, 619
580, 1130, 615
580, 1140, 613
580, 1150, 616
580, 1160, 613
581, 1170, 609
582, 1180, 612
583, 1190, 611
585, 1200, 611
586, 1210, 615
586, 1220, 614
586, 1230, 610
586, 1240, 611
587, 1250, 612
587, 1260, 611
587, 1270, 609
589, 1280, 608
589, 1290, 611
589, 1300, 609
590, 1310, 608
590, 1320, 611
590, 1330, 611
590, 1340, 611
592, 1350, 608
593, 1360, 611
593, 1370, 609
593, 1380, 610
594, 1390, 608
595, 1400, 611
595, 1410, 611
595, 1420, 611
596, 1430, 609
596, 1440, 610
596, 1450, 610
596, 1460, 609
596, 1470, 609
596, 1480, 610
596, 1490, 610
596, 1500, 608
597, 1510, 608
598, 1520, 609
598, 1530, 611
598, 1540, 610
598, 1550, 611
598, 1560, 609
598, 1570, 608
598, 1580, 609
598, 1590, 608
598, 1600, 608
598, 1610, 607
599, 1620, 608
599, 1630, 610
599, 1640, 608
599, 1650, 609
600, 1660, 608
600, 1670, 608
602, 1680, 609
602, 1690, 610
602, 1700, 610
602, 1710, 610
602, 1720, 609
602, 1730, 610
602, 1740, 610
602, 1750, 609
603, 1760, 609
603, 1770, 610
603, 1780, 609
603, 1790, 610
604, 1800, 610
604, 1810, 611
604, 1820, 611
604, 1830, 610
604, 1840, 610
604, 1850, 610
604, 1860, 610
604, 1870, 610
604, 1880, 610
604, 1890, 610
604, 1900, 609
605, 1910, 609
605, 1920, 611
605, 1930, 611
605, 1940, 610
607, 1950, 610
607, 1960, 611
607, 1970, 611
607, 1980, 611
607, 1990, 611
607, 2000, 611
607, 2010, 611
607, 2020, 611
607, 2030, 611
608, 2040, 611
608, 2050, 612
608, 2060, 611
608, 2070, 611
609, 2080, 611
610, 2090, 612
610, 2100, 614
610, 2110, 613
610, 2120, 613
610, 2130, 613
610, 2140, 613
610, 2150, 613
610, 2160, 613
610, 2170, 613
610, 2180, 613
610, 2190, 613
610, 2200, 612
610, 2210, 613
610, 2220, 612
610, 2230, 612
610, 2240, 612
610, 2250, 612
610, 2260, 612
610, 2270, 612
610, 2280, 612
610, 2290, 612
610, 2300, 612
610, 2310, 612
610, 2320, 612
610, 2330, 612
611, 2340, 611
611, 2350, 612
611, 2360, 612
611, 2370, 612
611, 2380, 612
611, 2390, 612
611, 2400, 612
611, 2410, 612
612, 2420, 612
612, 2430, 613
612, 2440, 613
612, 2450, 613
612, 2460, 613
613, 2470, 613
614, 2480, 614
614, 2490, 615
614, 2500, 615
614, 2510, 615
614, 2520, 615
614, 2530, 615
614, 2540, 615
614, 2550, 615
614, 2560, 615
614, 2570, 615
614, 2580, 615
615, 2590, 615
615, 2600, 616
615, 2610, 616
615, 2620, 616
615, 2630, 616
615, 2640, 616
615, 2650, 616
615, 2660, 616
615, 2670, 616
616, 2680, 616
616, 2690, 617
617, 2700, 617
617, 2710, 618
617, 2720, 618
617, 2730, 618
617, 2740, 618
617, 2750, 618
617, 2760, 618
617, 2770, 618
617, 2780, 618
617, 2790, 618
617, 2800, 618
618, 2810, 618
618, 2820, 619
618, 2830, 619
618, 2840, 619
618, 2850, 619
618, 2860, 619
618, 2870, 618
618, 2880, 618
618, 2890, 618
619, 2900, 618
619, 2910, 620
619, 2920, 620
619, 2930, 620
619, 2940, 620
619, 2950, 620
619, 2960, 620
620, 2970, 621
621, 2980, 621
621, 2990, 622
621, 3000, 622
621, 3010, 622
621, 3020, 623
621, 3030, 623
621, 3040, 623
621, 3050, 622
621, 3060, 623
621, 3070, 623
621, 3080, 623
621, 3090, 623
621, 3100, 623
621, 3110, 623
621, 3120, 623
621, 3130, 623
621, 3140, 623
621, 3150, 623
621, 3160, 623
621, 3170, 623
621, 3180, 623
621, 3190, 622
621, 3200, 623
621, 3210, 623
621, 3220, 622
621, 3230, 622
621, 3240, 622
621, 3250, 622
621, 3260, 622
621, 3270, 622
621, 3280, 622
621, 3290, 621
621, 3300, 621
621, 3310, 622
621, 3320, 622
621, 3330, 621
621, 3340, 622
621, 3350, 621
621, 3360, 622
621, 3370, 622
621, 3380, 622
621, 3390, 622
621, 3400, 623
621, 3410, 623
621, 3420, 623
621, 3430, 623
621, 3440, 623
621, 3450, 624
621, 3460, 625
621, 3470, 625
621, 3480, 625
621, 3490, 625
621, 3500, 625
621, 3510, 625
621, 3520, 626
621, 3530, 626
621, 3540, 626
621, 3550, 626
621, 3560, 627
621, 3570, 627
621, 3580, 627
621, 3590, 627
621, 3600, 627
621, 3610, 627
621, 3620, 626
621, 3630, 626
621, 3640, 626
621, 3650, 626
621, 3660, 626
621, 3670, 626
621, 3680, 626
621, 3690, 625
621, 3700, 626
621, 3710, 626
621, 3720, 626
621, 3730, 626
621, 3740, 625
621, 3750, 624
621, 3760, 625
621, 3770, 626
621, 3780, 626
621, 3790, 625
621, 3800, 625
621, 3810, 626
621, 3820, 625
621, 3830, 625
622, 3840, 625

------------------------------------------------------------
Sender: LSF System <lsfadmin@n2e5-3>
Subject: Job 248272: </share/tjmenzie/zyu9/miniconda2/bin/python2.7 runner.py exp_HPC 8> in cluster <henry2> Done

Job </share/tjmenzie/zyu9/miniconda2/bin/python2.7 runner.py exp_HPC 8> was submitted from host <login01> by user <zyu9> in cluster <henry2> at Sat Mar 16 09:20:05 2019.
Job was executed on host(s) <2*n2e5-3>, in queue <single_chassis>, as user <zyu9> in cluster <henry2> at Sat Mar 16 09:20:08 2019.
</home/zyu9> was used as the home directory.
</home/zyu9/projects/Better-Est/src> was used as the working directory.
Started at Sat Mar 16 09:20:08 2019.
Terminated at Sat Mar 16 14:24:28 2019.
Results reported at Sat Mar 16 14:24:28 2019.

Your job looked like:

------------------------------------------------------------
# LSBATCH: User input
/share/tjmenzie/zyu9/miniconda2/bin/python2.7 runner.py exp_HPC 8
------------------------------------------------------------

Successfully completed.

Resource usage summary:

    CPU time :                                   17430.66 sec.
    Max Memory :                                 402.75 MB
    Average Memory :                             162.70 MB
    Total Requested Memory :                     -
    Delta Memory :                               -
    Max Swap :                                   1458 MB
    Max Processes :                              3
    Max Threads :                                11
    Run time :                                   18268 sec.
    Turnaround time :                            18263 sec.

The output (if any) is above this job summary.



PS:

Read file <./err/8.err.248272> for stderr output of this job.

