0, 0, 350
10, 10, 350
20, 20, 356
30, 30, 362
40, 40, 368
49, 50, 374
59, 60, 379
69, 70, 384
79, 80, 390
89, 90, 396
99, 100, 403
109, 110, 408
119, 120, 414
128, 130, 420
138, 140, 425
148, 150, 430
158, 160, 436
167, 170, 442
175, 180, 447
182, 190, 450
191, 200, 454
197, 210, 458
197, 220, 461
206, 230, 459
210, 240, 464
217, 250, 465
223, 260, 468
231, 270, 471
238, 280, 476
242, 290, 480
250, 300, 479
253, 310, 482
259, 320, 482
268, 330, 485
275, 340, 490
276, 350, 493
282, 360, 492
291, 370, 493
295, 380, 499
303, 390, 500
312, 400, 503
318, 410, 508
324, 420, 511
329, 430, 513
335, 440, 514
345, 450, 517
346, 460, 522
353, 470, 521
359, 480, 524
368, 490, 526
372, 500, 531
380, 510, 531
388, 520, 535
392, 530, 539
399, 540, 540
405, 550, 543
411, 560, 545
417, 570, 547
426, 580, 550
435, 590, 554
439, 600, 559
446, 610, 559
453, 620, 563
458, 630, 566
466, 640, 567
469, 650, 570
473, 660, 571
481, 670, 573
488, 680, 577
495, 690, 579
497, 700, 582
502, 710, 581
511, 720, 582
516, 730, 586
523, 740, 586
531, 750, 589
538, 760, 592
546, 770, 596
553, 780, 600
558, 790, 603
560, 800, 604
568, 810, 604
571, 820, 608
571, 830, 609
571, 840, 609
571, 850, 609
571, 860, 608
571, 870, 608
571, 880, 608
571, 890, 608
571, 900, 608
571, 910, 608
571, 920, 608
571, 930, 608
571, 940, 608
571, 950, 608
571, 960, 608
571, 970, 607
571, 980, 607
571, 990, 607
571, 1000, 607
571, 1010, 607
571, 1020, 607
571, 1030, 607
571, 1040, 607
571, 1050, 606
571, 1060, 606
571, 1070, 606
571, 1080, 606
571, 1090, 606
571, 1100, 606
571, 1110, 605
571, 1120, 605
571, 1130, 605
571, 1140, 605
571, 1150, 605
571, 1160, 605
571, 1170, 605
571, 1180, 605
571, 1190, 605
571, 1200, 605
571, 1210, 605
571, 1220, 605
571, 1230, 605
571, 1240, 605
571, 1250, 604
571, 1260, 604
571, 1270, 604
571, 1280, 604
571, 1290, 604
571, 1300, 604
571, 1310, 604
571, 1320, 604
571, 1330, 604
571, 1340, 604
571, 1350, 603
571, 1360, 603
571, 1370, 603
571, 1380, 603
571, 1390, 603
571, 1400, 603
571, 1410, 603
571, 1420, 603
571, 1430, 603
571, 1440, 603
571, 1450, 602
571, 1460, 602
571, 1470, 602
571, 1480, 602
571, 1490, 602
571, 1500, 602
571, 1510, 602
571, 1520, 602
571, 1530, 602
571, 1540, 602
571, 1550, 601
571, 1560, 601
571, 1570, 601
571, 1580, 601
571, 1590, 601
571, 1600, 601
571, 1610, 601
571, 1620, 601
571, 1630, 601
571, 1640, 601
571, 1650, 600
571, 1660, 600
571, 1670, 600
571, 1680, 600
571, 1690, 600
571, 1700, 600
571, 1710, 600
571, 1720, 600
571, 1730, 600
571, 1740, 600
571, 1750, 599
571, 1760, 599
571, 1770, 599
571, 1780, 599
571, 1790, 599
571, 1800, 599
571, 1810, 599
571, 1820, 599
571, 1830, 599
571, 1840, 599
571, 1850, 599
571, 1860, 599
571, 1870, 599
571, 1880, 598
571, 1890, 598
571, 1900, 598
571, 1910, 598
571, 1920, 598
571, 1930, 598
571, 1940, 598
571, 1950, 598
571, 1960, 598
571, 1970, 598
571, 1980, 598
571, 1990, 598
571, 2000, 597
571, 2010, 597
571, 2020, 597
571, 2030, 597
571, 2040, 597
571, 2050, 597
571, 2060, 597
571, 2070, 597
571, 2080, 597
571, 2090, 597
571, 2100, 597
571, 2110, 596
571, 2120, 596
571, 2130, 596
571, 2140, 596
571, 2150, 596
571, 2160, 596
571, 2170, 596
571, 2180, 596
571, 2190, 596
571, 2200, 595
571, 2210, 595
571, 2220, 595
571, 2230, 595
571, 2240, 595
571, 2250, 594
571, 2260, 594
571, 2270, 594
571, 2280, 594
571, 2290, 594
571, 2300, 594
571, 2310, 594
571, 2320, 594
571, 2330, 594
571, 2340, 594
571, 2350, 593
571, 2360, 593
571, 2370, 593
571, 2380, 593
571, 2390, 593
571, 2400, 593
571, 2410, 593
571, 2420, 593
571, 2430, 593
571, 2440, 593
571, 2450, 593
571, 2460, 592
571, 2470, 592
571, 2480, 592
571, 2490, 592
571, 2500, 592
571, 2510, 592
571, 2520, 592
571, 2530, 592
571, 2540, 592
571, 2550, 592
571, 2560, 592
571, 2570, 592
571, 2580, 592
571, 2590, 592
571, 2600, 592
571, 2610, 592
571, 2620, 592
571, 2630, 591
571, 2640, 591
571, 2650, 591
571, 2660, 591
571, 2670, 591
571, 2680, 591
571, 2690, 591
571, 2700, 591
571, 2710, 591
571, 2720, 591
571, 2730, 591
571, 2740, 591
571, 2750, 591
571, 2760, 591
571, 2770, 591
571, 2780, 590
571, 2790, 590
571, 2800, 590
571, 2810, 590
571, 2820, 590
571, 2830, 590
571, 2840, 590
571, 2850, 590
571, 2860, 590
571, 2870, 590
571, 2880, 589
571, 2890, 589
571, 2900, 589
571, 2910, 589
571, 2920, 589
571, 2930, 589
571, 2940, 589
571, 2950, 589
571, 2960, 589
571, 2970, 588
571, 2980, 588
571, 2990, 588
571, 3000, 588
571, 3010, 588
571, 3020, 588
571, 3030, 588
571, 3040, 588
571, 3050, 588
571, 3060, 588
571, 3070, 588
571, 3080, 588
571, 3090, 587
571, 3100, 587
571, 3110, 587
571, 3120, 587
571, 3130, 587
571, 3140, 587
571, 3150, 587
571, 3160, 587
571, 3170, 587
571, 3180, 587
571, 3190, 587
571, 3200, 587
571, 3210, 587
571, 3220, 586
571, 3230, 586
571, 3240, 586
571, 3250, 586
571, 3260, 586
571, 3270, 586
571, 3280, 586
571, 3290, 586
571, 3300, 586
571, 3310, 586
571, 3320, 586
571, 3330, 585
571, 3340, 585
571, 3350, 585
571, 3360, 585
571, 3370, 585
571, 3380, 585
571, 3390, 585
571, 3400, 585
571, 3410, 585
571, 3420, 584
571, 3430, 584
571, 3440, 584
571, 3450, 584
571, 3460, 584
571, 3470, 584
571, 3480, 584
571, 3490, 583
571, 3500, 583
571, 3510, 583
571, 3520, 583
571, 3530, 583
571, 3540, 583
571, 3550, 583
571, 3560, 583
571, 3570, 583
571, 3580, 583
571, 3590, 582
571, 3600, 582
571, 3610, 582
571, 3620, 582
571, 3630, 582
571, 3640, 582
571, 3650, 582
571, 3660, 582
571, 3670, 582
571, 3680, 582
571, 3690, 582
571, 3700, 582
571, 3710, 581
571, 3720, 581
571, 3730, 581
571, 3740, 581
571, 3750, 581
571, 3760, 581
571, 3770, 581
571, 3780, 581
571, 3790, 581
571, 3800, 581
571, 3810, 581
571, 3820, 580
571, 3830, 580
571, 3840, 580
571, 3850, 580
571, 3860, 580
571, 3870, 580
571, 3880, 580
571, 3890, 580
571, 3900, 579
571, 3910, 579
571, 3920, 579
571, 3930, 579
571, 3940, 579
571, 3950, 579
571, 3960, 579
571, 3970, 579
571, 3980, 579
571, 3990, 579
571, 4000, 578
571, 4010, 578
571, 4020, 578
571, 4030, 578
571, 4040, 578
571, 4050, 578
571, 4060, 578
571, 4070, 578
571, 4080, 578
571, 4090, 578
571, 4100, 578
571, 4110, 578
571, 4120, 578
571, 4130, 577
571, 4140, 577
571, 4150, 577
571, 4160, 577
571, 4170, 577
571, 4180, 577
571, 4190, 577
571, 4200, 577
571, 4210, 577
571, 4220, 577
571, 4230, 577
571, 4240, 577
571, 4250, 576
571, 4260, 576
571, 4270, 576
571, 4280, 576
571, 4290, 576
571, 4300, 576
571, 4310, 576
571, 4320, 576
571, 4330, 576
571, 4340, 576
571, 4350, 575
571, 4360, 575
571, 4370, 575
571, 4380, 575
571, 4390, 575
571, 4400, 575
571, 4410, 575
571, 4420, 575
571, 4430, 575
571, 4440, 575
571, 4450, 575
571, 4460, 575
571, 4470, 575
571, 4480, 575
571, 4490, 575
571, 4500, 575
571, 4510, 575
571, 4520, 574
571, 4530, 574
571, 4540, 574
571, 4550, 574
571, 4560, 574
571, 4570, 574
571, 4580, 574
571, 4590, 574
571, 4600, 574
571, 4610, 574
571, 4620, 574
571, 4630, 574
571, 4640, 574
571, 4650, 574
571, 4660, 574
571, 4670, 574
571, 4680, 573
571, 4690, 573
571, 4700, 573
571, 4710, 573
571, 4720, 573
571, 4730, 573
571, 4740, 573
575, 4750, 573
578, 4760, 577
581, 4770, 580
589, 4780, 583
592, 4790, 590
595, 4800, 593
597, 4810, 596
599, 4820, 598
602, 4830, 600
603, 4840, 603
604, 4850, 604
610, 4860, 604
614, 4870, 610
621, 4880, 614
621, 4890, 621
622, 4897, 621
0, 0, 0
1, 10, 0
3, 20, 93
8, 30, 72
16, 40, 71
24, 50, 74
33, 60, 79
36, 70, 69
46, 80, 74
54, 90, 98
64, 100, 106
74, 110, 111
83, 120, 131
91, 130, 118
100, 140, 147
110, 150, 157
119, 160, 165
129, 170, 174
137, 180, 184
146, 190, 197
156, 200, 208
164, 210, 218
172, 220, 214
181, 230, 225
190, 240, 226
200, 250, 244
210, 260, 253
220, 270, 260
229, 280, 271
239, 290, 276
249, 300, 287
259, 310, 304
269, 320, 313
279, 330, 316
288, 340, 329
297, 350, 340
306, 360, 342
316, 370, 353
326, 380, 367
336, 390, 379
346, 400, 385
356, 410, 401
366, 420, 407
376, 430, 419
386, 440, 433
396, 450, 443
403, 460, 465
413, 470, 474
422, 480, 490
432, 490, 517
441, 500, 528
447, 510, 541
456, 520, 553
459, 530, 564
465, 540, 575
465, 550, 571
465, 560, 573
465, 570, 574
465, 580, 574
465, 590, 571
465, 600, 574
466, 610, 567
467, 620, 572
469, 630, 579
476, 640, 577
479, 650, 578
480, 660, 577
480, 670, 581
482, 680, 582
483, 690, 584
484, 700, 591
494, 710, 577
504, 720, 712
514, 730, 686
524, 740, 690
534, 750, 681
544, 760, 670
554, 770, 660
564, 780, 651
565, 790, 651
565, 800, 657
565, 810, 668
565, 820, 652
565, 830, 653
565, 840, 644
565, 850, 642
566, 860, 660
566, 870, 650
566, 880, 647
566, 890, 647
566, 900, 635
567, 910, 633
567, 920, 631
567, 930, 644
567, 940, 634
567, 950, 636
567, 960, 634
567, 970, 637
567, 980, 630
567, 990, 648
567, 1000, 647
567, 1010, 680
569, 1020, 674
573, 1030, 670
575, 1040, 673
576, 1050, 680
576, 1060, 670
576, 1070, 664
576, 1080, 648
577, 1090, 652
577, 1100, 645
577, 1110, 637
577, 1120, 645
577, 1130, 645
577, 1140, 633
577, 1150, 633
578, 1160, 627
578, 1170, 630
579, 1180, 629
579, 1190, 628
579, 1200, 631
580, 1210, 628
580, 1220, 633
580, 1230, 635
581, 1240, 634
581, 1250, 634
581, 1260, 635
583, 1270, 632
585, 1280, 632
586, 1290, 638
587, 1300, 640
587, 1310, 633
587, 1320, 638
587, 1330, 634
588, 1340, 635
588, 1350, 633
590, 1360, 632
591, 1370, 632
591, 1380, 630
592, 1390, 624
592, 1400, 632
592, 1410, 628
592, 1420, 633
592, 1430, 635
594, 1440, 633
594, 1450, 631
594, 1460, 633
596, 1470, 631
596, 1480, 635
596, 1490, 638
597, 1500, 635
599, 1510, 639
599, 1520, 639
599, 1530, 639
599, 1540, 639
599, 1550, 641
600, 1560, 638
600, 1570, 640
600, 1580, 640
600, 1590, 641
600, 1600, 644
600, 1610, 642
600, 1620, 644
600, 1630, 641
600, 1640, 642
602, 1650, 640
602, 1660, 644
602, 1670, 642
602, 1680, 641
602, 1690, 641
602, 1700, 641
602, 1710, 642
602, 1720, 641
603, 1730, 640
603, 1740, 642
603, 1750, 637
603, 1760, 636
603, 1770, 636
603, 1780, 635
603, 1790, 637
605, 1800, 637
605, 1810, 639
605, 1820, 639
605, 1830, 639
605, 1840, 640
605, 1850, 640
605, 1860, 640
605, 1870, 640
606, 1880, 640
607, 1890, 640
607, 1900, 642
608, 1910, 641
608, 1920, 642
608, 1930, 642
608, 1940, 642
609, 1950, 643
610, 1960, 644
610, 1970, 644
610, 1980, 642
610, 1990, 642
610, 2000, 642
610, 2010, 641
610, 2020, 642
610, 2030, 642
610, 2040, 642
610, 2050, 641
610, 2060, 641
610, 2070, 641
611, 2080, 641
611, 2090, 642
612, 2100, 642
612, 2110, 643
612, 2120, 643
612, 2130, 643
613, 2140, 642
613, 2150, 643
613, 2160, 643
613, 2170, 643
613, 2180, 643
613, 2190, 643
613, 2200, 642
613, 2210, 642
613, 2220, 642
613, 2230, 641
613, 2240, 641
613, 2250, 641
613, 2260, 641
613, 2270, 640
613, 2280, 640
613, 2290, 640
613, 2300, 639
613, 2310, 639
613, 2320, 639
613, 2330, 639
613, 2340, 638
613, 2350, 638
613, 2360, 638
613, 2370, 638
614, 2380, 637
614, 2390, 639
614, 2400, 639
614, 2410, 638
614, 2420, 638
614, 2430, 638
614, 2440, 638
614, 2450, 637
614, 2460, 637
614, 2470, 637
614, 2480, 636
614, 2490, 636
614, 2500, 636
614, 2510, 635
614, 2520, 635
614, 2530, 637
614, 2540, 636
614, 2550, 636
614, 2560, 636
614, 2570, 635
614, 2580, 635
615, 2590, 635
615, 2600, 636
615, 2610, 636
615, 2620, 636
615, 2630, 635
615, 2640, 635
615, 2650, 635
615, 2660, 635
616, 2670, 634
616, 2680, 636
616, 2690, 636
616, 2700, 636
616, 2710, 636
616, 2720, 632
616, 2730, 632
616, 2740, 632
616, 2750, 631
616, 2760, 631
616, 2770, 631
616, 2780, 629
616, 2790, 629
617, 2800, 629
617, 2810, 630
617, 2820, 630
617, 2830, 630
617, 2840, 629
618, 2850, 629
618, 2860, 630
618, 2870, 630
618, 2880, 630
618, 2890, 630
618, 2900, 630
618, 2910, 630
618, 2920, 629
618, 2930, 629
618, 2940, 629
618, 2950, 629
618, 2960, 629
618, 2970, 629
619, 2980, 628
619, 2990, 629
619, 3000, 629
619, 3010, 629
619, 3020, 629
619, 3030, 629
619, 3040, 629
619, 3050, 628
619, 3060, 629
619, 3070, 628
619, 3080, 628
619, 3090, 628
619, 3100, 628
620, 3110, 628
620, 3120, 629
621, 3130, 629
622, 3140, 630

------------------------------------------------------------
Sender: LSF System <lsfadmin@n2j1-11>
Subject: Job 223323: </share/tjmenzie/zyu9/miniconda2/bin/python2.7 runner.py exp_HPC 8> in cluster <henry2> Done

Job </share/tjmenzie/zyu9/miniconda2/bin/python2.7 runner.py exp_HPC 8> was submitted from host <login01> by user <zyu9> in cluster <henry2> at Fri Mar 15 14:39:53 2019.
Job was executed on host(s) <2*n2j1-11>, in queue <single_chassis>, as user <zyu9> in cluster <henry2> at Fri Mar 15 14:39:59 2019.
</home/zyu9> was used as the home directory.
</home/zyu9/projects/Better-Est/src> was used as the working directory.
Started at Fri Mar 15 14:39:59 2019.
Terminated at Fri Mar 15 19:21:25 2019.
Results reported at Fri Mar 15 19:21:25 2019.

Your job looked like:

------------------------------------------------------------
# LSBATCH: User input
/share/tjmenzie/zyu9/miniconda2/bin/python2.7 runner.py exp_HPC 8
------------------------------------------------------------

Successfully completed.

Resource usage summary:

    CPU time :                                   17590.46 sec.
    Max Memory :                                 401.73 MB
    Average Memory :                             165.11 MB
    Total Requested Memory :                     -
    Delta Memory :                               -
    Max Swap :                                   1730 MB
    Max Processes :                              3
    Max Threads :                                15
    Run time :                                   16896 sec.
    Turnaround time :                            16892 sec.

The output (if any) is above this job summary.



PS:

Read file <./err/8.err.223323> for stderr output of this job.

