0, 0, 350
10, 10, 350
20, 20, 356
30, 30, 362
40, 40, 368
49, 50, 374
59, 60, 379
69, 70, 384
79, 80, 390
89, 90, 396
99, 100, 403
109, 110, 408
119, 120, 414
128, 130, 420
138, 140, 425
148, 150, 430
158, 160, 436
167, 170, 442
175, 180, 447
182, 190, 450
191, 200, 454
197, 210, 458
197, 220, 461
206, 230, 459
210, 240, 464
217, 250, 465
223, 260, 468
231, 270, 471
238, 280, 476
242, 290, 480
250, 300, 479
253, 310, 482
259, 320, 482
268, 330, 485
275, 340, 490
276, 350, 493
282, 360, 492
291, 370, 493
295, 380, 499
303, 390, 500
312, 400, 503
318, 410, 508
324, 420, 511
329, 430, 513
335, 440, 514
345, 450, 517
346, 460, 522
353, 470, 521
359, 480, 524
368, 490, 526
372, 500, 531
380, 510, 531
388, 520, 535
392, 530, 539
399, 540, 540
405, 550, 543
411, 560, 545
417, 570, 547
426, 580, 550
435, 590, 554
439, 600, 559
446, 610, 559
453, 620, 563
458, 630, 566
466, 640, 567
469, 650, 570
473, 660, 571
481, 670, 573
488, 680, 577
495, 690, 579
497, 700, 582
502, 710, 581
511, 720, 582
516, 730, 586
523, 740, 586
531, 750, 589
538, 760, 592
546, 770, 596
553, 780, 600
558, 790, 603
560, 800, 604
568, 810, 604
571, 820, 608
571, 830, 609
571, 840, 609
571, 850, 609
571, 860, 608
571, 870, 608
571, 880, 608
571, 890, 608
571, 900, 608
571, 910, 608
571, 920, 608
571, 930, 608
571, 940, 608
571, 950, 608
571, 960, 608
571, 970, 607
571, 980, 607
571, 990, 607
571, 1000, 607
571, 1010, 607
571, 1020, 607
571, 1030, 607
571, 1040, 607
571, 1050, 606
571, 1060, 606
571, 1070, 606
571, 1080, 606
571, 1090, 606
571, 1100, 606
571, 1110, 605
571, 1120, 605
571, 1130, 605
571, 1140, 605
571, 1150, 605
571, 1160, 605
571, 1170, 605
571, 1180, 605
571, 1190, 605
571, 1200, 605
571, 1210, 605
571, 1220, 605
571, 1230, 605
571, 1240, 605
571, 1250, 604
571, 1260, 604
571, 1270, 604
571, 1280, 604
571, 1290, 604
571, 1300, 604
571, 1310, 604
571, 1320, 604
571, 1330, 604
571, 1340, 604
571, 1350, 603
571, 1360, 603
571, 1370, 603
571, 1380, 603
571, 1390, 603
571, 1400, 603
571, 1410, 603
571, 1420, 603
571, 1430, 603
571, 1440, 603
571, 1450, 602
571, 1460, 602
571, 1470, 602
571, 1480, 602
571, 1490, 602
571, 1500, 602
571, 1510, 602
571, 1520, 602
571, 1530, 602
571, 1540, 602
571, 1550, 601

------------------------------------------------------------
Sender: LSF System <lsfadmin@n2b1-9>
Subject: Job 137745: </share/tjmenzie/zyu9/miniconda2/bin/python2.7 runner.py exp_HPC 8> in cluster <henry2> Done

Job </share/tjmenzie/zyu9/miniconda2/bin/python2.7 runner.py exp_HPC 8> was submitted from host <login01> by user <zyu9> in cluster <henry2> at Wed Mar  6 10:48:08 2019.
Job was executed on host(s) <2*n2b1-9>, in queue <single_chassis>, as user <zyu9> in cluster <henry2> at Wed Mar  6 10:48:15 2019.
</home/zyu9> was used as the home directory.
</home/zyu9/projects/Better-Est/src> was used as the working directory.
Started at Wed Mar  6 10:48:15 2019.
Terminated at Wed Mar  6 12:30:46 2019.
Results reported at Wed Mar  6 12:30:46 2019.

Your job looked like:

------------------------------------------------------------
# LSBATCH: User input
/share/tjmenzie/zyu9/miniconda2/bin/python2.7 runner.py exp_HPC 8
------------------------------------------------------------

Successfully completed.

Resource usage summary:

    CPU time :                                   6268.04 sec.
    Max Memory :                                 401.07 MB
    Average Memory :                             176.21 MB
    Total Requested Memory :                     -
    Delta Memory :                               -
    Max Swap :                                   1457 MB
    Max Processes :                              3
    Max Threads :                                11
    Run time :                                   6166 sec.
    Turnaround time :                            6158 sec.

The output (if any) is above this job summary.



PS:

Read file <./err/8.err.137745> for stderr output of this job.

