0, 0, 350
10, 10, 350
20, 20, 356
30, 30, 362
40, 40, 368
49, 50, 374
59, 60, 379
69, 70, 384
79, 80, 390
89, 90, 396
99, 100, 403
109, 110, 408
119, 120, 414
128, 130, 420
138, 140, 425
148, 150, 430
158, 160, 436
167, 170, 442
175, 180, 447
182, 190, 450
191, 200, 454
197, 210, 458
197, 220, 461
206, 230, 459
210, 240, 464
217, 250, 465
223, 260, 468
231, 270, 471
238, 280, 476
242, 290, 480
250, 300, 479
253, 310, 482
259, 320, 482
268, 330, 485
275, 340, 490
276, 350, 493
282, 360, 492
291, 370, 493
295, 380, 499
303, 390, 500
312, 400, 503
318, 410, 508
324, 420, 511
329, 430, 513
335, 440, 514
345, 450, 517
346, 460, 522
353, 470, 521
359, 480, 524
368, 490, 526
372, 500, 531
380, 510, 531
388, 520, 535
392, 530, 539
399, 540, 540
405, 550, 543
411, 560, 545
417, 570, 547
426, 580, 550
435, 590, 554
439, 600, 559
446, 610, 559
453, 620, 563
458, 630, 566
466, 640, 567
469, 650, 570
473, 660, 571
481, 670, 573
488, 680, 577
495, 690, 579
497, 700, 582
502, 710, 581
511, 720, 582
516, 730, 586
523, 740, 586
531, 750, 589
538, 760, 592
546, 770, 596
553, 780, 600
558, 790, 603
560, 800, 604
568, 810, 604
571, 820, 608
571, 830, 609
571, 840, 609
571, 850, 609
571, 860, 608
571, 870, 608
571, 880, 608
571, 890, 608
571, 900, 608
571, 910, 608
571, 920, 608
571, 930, 608
571, 940, 608
571, 950, 608
571, 960, 608
571, 970, 607
571, 980, 607
571, 990, 607
571, 1000, 607
571, 1010, 607
571, 1020, 607
571, 1030, 607
571, 1040, 607
571, 1050, 606
571, 1060, 606
571, 1070, 606
571, 1080, 606
571, 1090, 606
571, 1100, 606
571, 1110, 605
571, 1120, 605
571, 1130, 605
571, 1140, 605
571, 1150, 605
571, 1160, 605
571, 1170, 605
571, 1180, 605
571, 1190, 605
571, 1200, 605
571, 1210, 605
571, 1220, 605
571, 1230, 605
571, 1240, 605
571, 1250, 604
571, 1260, 604
571, 1270, 604
571, 1280, 604
571, 1290, 604
571, 1300, 604
571, 1310, 604
571, 1320, 604
571, 1330, 604
571, 1340, 604
571, 1350, 603
571, 1360, 603
571, 1370, 603
571, 1380, 603
571, 1390, 603
571, 1400, 603
571, 1410, 603
571, 1420, 603
571, 1430, 603
571, 1440, 603
571, 1450, 602
571, 1460, 602
571, 1470, 602
571, 1480, 602
571, 1490, 602
571, 1500, 602
571, 1510, 602
571, 1520, 602
571, 1530, 602
571, 1540, 602
571, 1550, 601
571, 1560, 601
571, 1570, 601
571, 1580, 601
571, 1590, 601
571, 1600, 601
571, 1610, 601
571, 1620, 601
571, 1630, 601
571, 1640, 601
571, 1650, 600
571, 1660, 600
571, 1670, 600
571, 1680, 600
571, 1690, 600
571, 1700, 600
571, 1710, 600
571, 1720, 600
571, 1730, 600
571, 1740, 600
571, 1750, 599
571, 1760, 599
571, 1770, 599
571, 1780, 599
571, 1790, 599
571, 1800, 599
571, 1810, 599
571, 1820, 599
571, 1830, 599
571, 1840, 599
571, 1850, 599
571, 1860, 599
571, 1870, 599
571, 1880, 598
571, 1890, 598
571, 1900, 598
571, 1910, 598
571, 1920, 598
571, 1930, 598
571, 1940, 598
571, 1950, 598
571, 1960, 598
571, 1970, 598
571, 1980, 598
571, 1990, 598
571, 2000, 597
571, 2010, 597
571, 2020, 597
571, 2030, 597
571, 2040, 597
571, 2050, 597
571, 2060, 597
571, 2070, 597
571, 2080, 597
571, 2090, 597
571, 2100, 597
571, 2110, 596
571, 2120, 596
571, 2130, 596
571, 2140, 596
571, 2150, 596
571, 2160, 596
571, 2170, 596
571, 2180, 596
571, 2190, 596
571, 2200, 595
571, 2210, 595
571, 2220, 595
571, 2230, 595
571, 2240, 595
571, 2250, 594
571, 2260, 594
571, 2270, 594
571, 2280, 594
571, 2290, 594
571, 2300, 594
571, 2310, 594
571, 2320, 594
571, 2330, 594
571, 2340, 594
571, 2350, 593
571, 2360, 593
571, 2370, 593
571, 2380, 593
571, 2390, 593
571, 2400, 593
571, 2410, 593
571, 2420, 593
571, 2430, 593
571, 2440, 593
571, 2450, 593
571, 2460, 592
571, 2470, 592
571, 2480, 592
571, 2490, 592
571, 2500, 592
571, 2510, 592
571, 2520, 592
571, 2530, 592
571, 2540, 592
571, 2550, 592
571, 2560, 592
571, 2570, 592
571, 2580, 592
571, 2590, 592
571, 2600, 592
571, 2610, 592
571, 2620, 592
571, 2630, 591
571, 2640, 591
571, 2650, 591
571, 2660, 591
571, 2670, 591
571, 2680, 591
571, 2690, 591
571, 2700, 591
571, 2710, 591
571, 2720, 591
571, 2730, 591
571, 2740, 591
571, 2750, 591
571, 2760, 591
571, 2770, 591
571, 2780, 590
571, 2790, 590
571, 2800, 590
571, 2810, 590
571, 2820, 590
571, 2830, 590
571, 2840, 590
571, 2850, 590
571, 2860, 590
571, 2870, 590
571, 2880, 589
571, 2890, 589
571, 2900, 589
571, 2910, 589
571, 2920, 589
571, 2930, 589
571, 2940, 589
571, 2950, 589
571, 2960, 589
571, 2970, 588
571, 2980, 588
571, 2990, 588
571, 3000, 588
571, 3010, 588
571, 3020, 588
571, 3030, 588
571, 3040, 588
571, 3050, 588
571, 3060, 588
571, 3070, 588
571, 3080, 588
571, 3090, 587
571, 3100, 587
571, 3110, 587
571, 3120, 587
571, 3130, 587
571, 3140, 587
571, 3150, 587
571, 3160, 587
571, 3170, 587
571, 3180, 587
571, 3190, 587
571, 3200, 587
571, 3210, 587
571, 3220, 586
571, 3230, 586
571, 3240, 586
571, 3250, 586
571, 3260, 586
571, 3270, 586
571, 3280, 586
571, 3290, 586
571, 3300, 586
571, 3310, 586
571, 3320, 586
571, 3330, 585
571, 3340, 585
571, 3350, 585
571, 3360, 585
571, 3370, 585
571, 3380, 585
571, 3390, 585
571, 3400, 585
571, 3410, 585
571, 3420, 584
571, 3430, 584
571, 3440, 584
571, 3450, 584
571, 3460, 584
571, 3470, 584
571, 3480, 584
571, 3490, 583
571, 3500, 583
571, 3510, 583
571, 3520, 583
571, 3530, 583
571, 3540, 583
571, 3550, 583
571, 3560, 583
571, 3570, 583
571, 3580, 583
571, 3590, 582
571, 3600, 582
571, 3610, 582
571, 3620, 582
571, 3630, 582
571, 3640, 582
571, 3650, 582
571, 3660, 582
571, 3670, 582
571, 3680, 582
571, 3690, 582
571, 3700, 582
571, 3710, 581
571, 3720, 581
571, 3730, 581
571, 3740, 581
571, 3750, 581
571, 3760, 581
571, 3770, 581
571, 3780, 581
571, 3790, 581
571, 3800, 581
571, 3810, 581
571, 3820, 580
571, 3830, 580
571, 3840, 580
571, 3850, 580
571, 3860, 580
571, 3870, 580
571, 3880, 580
571, 3890, 580
571, 3900, 579
571, 3910, 579
571, 3920, 579
571, 3930, 579
571, 3940, 579
571, 3950, 579
571, 3960, 579
571, 3970, 579
571, 3980, 579
571, 3990, 579
571, 4000, 578
571, 4010, 578
571, 4020, 578
571, 4030, 578
571, 4040, 578
571, 4050, 578
571, 4060, 578
571, 4070, 578
571, 4080, 578
571, 4090, 578
571, 4100, 578
571, 4110, 578
571, 4120, 578
571, 4130, 577
571, 4140, 577
571, 4150, 577
571, 4160, 577
571, 4170, 577
571, 4180, 577
571, 4190, 577
571, 4200, 577
571, 4210, 577
571, 4220, 577
571, 4230, 577
571, 4240, 577
571, 4250, 576
571, 4260, 576
571, 4270, 576
571, 4280, 576
571, 4290, 576
571, 4300, 576
571, 4310, 576
571, 4320, 576
571, 4330, 576
571, 4340, 576
571, 4350, 575
571, 4360, 575
571, 4370, 575
571, 4380, 575
571, 4390, 575
571, 4400, 575
571, 4410, 575
571, 4420, 575
571, 4430, 575
571, 4440, 575
571, 4450, 575
571, 4460, 575
571, 4470, 575
571, 4480, 575
571, 4490, 575
571, 4500, 575
571, 4510, 575
571, 4520, 574
571, 4530, 574
571, 4540, 574
571, 4550, 574
571, 4560, 574
571, 4570, 574
571, 4580, 574
571, 4590, 574
571, 4600, 574
571, 4610, 574
571, 4620, 574
571, 4630, 574
571, 4640, 574
571, 4650, 574
571, 4660, 574
571, 4670, 574
571, 4680, 573
571, 4690, 573
571, 4700, 573
571, 4710, 573
571, 4720, 573
571, 4730, 573
571, 4740, 573
575, 4750, 573
0, 0, 350
10, 10, 350
20, 20, 356
30, 30, 362
40, 40, 368
49, 50, 374
59, 60, 379
69, 70, 384
79, 80, 390
89, 90, 396
99, 100, 403
109, 110, 408
119, 120, 414
128, 130, 420
138, 140, 425
148, 150, 430
158, 160, 436
167, 170, 442
175, 180, 447
182, 190, 450
191, 200, 454
197, 210, 458
197, 220, 461
206, 230, 459
210, 240, 464
217, 250, 465
223, 260, 468
231, 270, 471
238, 280, 476
242, 290, 480
250, 300, 479
253, 310, 482
259, 320, 482
268, 330, 485
275, 340, 490
276, 350, 493
282, 360, 492
291, 370, 493
295, 380, 499
303, 390, 500
312, 400, 503
318, 410, 508
324, 420, 511
329, 430, 513
335, 440, 514
345, 450, 517
346, 460, 522
353, 470, 521
359, 480, 524
368, 490, 526
372, 500, 531
380, 510, 531
388, 520, 535
392, 530, 539
399, 540, 540
405, 550, 543
411, 560, 545
417, 570, 547
426, 580, 550
435, 590, 554
439, 600, 559
446, 610, 559
453, 620, 563
458, 630, 566
466, 640, 567
469, 650, 570
473, 660, 571
481, 670, 573
488, 680, 577
495, 690, 579
497, 700, 582
502, 710, 581
511, 720, 582
516, 730, 586
523, 740, 586
531, 750, 589
538, 760, 592
546, 770, 596
553, 780, 600
558, 790, 603
560, 800, 604
568, 810, 604
571, 820, 608
571, 830, 609
571, 840, 609
571, 850, 609
571, 860, 608
571, 870, 608
571, 880, 608
571, 890, 608
571, 900, 608
571, 910, 608
571, 920, 608
571, 930, 608
571, 940, 608
571, 950, 608
571, 960, 608
571, 970, 607
571, 980, 607
571, 990, 607
571, 1000, 607
571, 1010, 607
571, 1020, 607
571, 1030, 607
571, 1040, 607
571, 1050, 606
571, 1060, 606
571, 1070, 606
571, 1080, 606
571, 1090, 606
571, 1100, 606
571, 1110, 605
571, 1120, 605
571, 1130, 605
571, 1140, 605
571, 1150, 605
571, 1160, 605
571, 1170, 605
571, 1180, 605
571, 1190, 605
571, 1200, 605
571, 1210, 605
571, 1220, 605
571, 1230, 605
571, 1240, 605
571, 1250, 604
571, 1260, 604
571, 1270, 604
571, 1280, 604
571, 1290, 604
571, 1300, 604
571, 1310, 604
571, 1320, 604
571, 1330, 604
571, 1340, 604
571, 1350, 603
571, 1360, 603
571, 1370, 603
571, 1380, 603
571, 1390, 603
571, 1400, 603
571, 1410, 603
571, 1420, 603
571, 1430, 603
571, 1440, 603
571, 1450, 602
571, 1460, 602
571, 1470, 602
571, 1480, 602
571, 1490, 602
571, 1500, 602
571, 1510, 602
571, 1520, 602
571, 1530, 602
571, 1540, 602
571, 1550, 601
571, 1560, 601
571, 1570, 601
571, 1580, 601
571, 1590, 601
571, 1600, 601
571, 1610, 601
571, 1620, 601
571, 1630, 601
571, 1640, 601
571, 1650, 600
571, 1660, 600
571, 1670, 600
571, 1680, 600
571, 1690, 600
571, 1700, 600
571, 1710, 600
571, 1720, 600
571, 1730, 600
571, 1740, 600
571, 1750, 599
571, 1760, 599
571, 1770, 599
571, 1780, 599
571, 1790, 599
571, 1800, 599
571, 1810, 599
571, 1820, 599
571, 1830, 599
571, 1840, 599
571, 1850, 599
571, 1860, 599
571, 1870, 599
571, 1880, 598
571, 1890, 598
571, 1900, 598
571, 1910, 598
571, 1920, 598
571, 1930, 598
571, 1940, 598
571, 1950, 598
571, 1960, 598
571, 1970, 598
571, 1980, 598
571, 1990, 598
571, 2000, 597
571, 2010, 597
571, 2020, 597
571, 2030, 597
571, 2040, 597
571, 2050, 597
571, 2060, 597
571, 2070, 597
571, 2080, 597
571, 2090, 597
571, 2100, 597
571, 2110, 596
571, 2120, 596
571, 2130, 596
571, 2140, 596
571, 2150, 596
571, 2160, 596
571, 2170, 596
571, 2180, 596
571, 2190, 596
571, 2200, 595
571, 2210, 595
571, 2220, 595
571, 2230, 595
571, 2240, 595
571, 2250, 594
571, 2260, 594
571, 2270, 594
571, 2280, 594
571, 2290, 594
571, 2300, 594
571, 2310, 594
571, 2320, 594
571, 2330, 594
571, 2340, 594
571, 2350, 593
571, 2360, 593
571, 2370, 593
571, 2380, 593
571, 2390, 593
571, 2400, 593
571, 2410, 593
571, 2420, 593
571, 2430, 593
571, 2440, 593
571, 2450, 593
571, 2460, 592
571, 2470, 592
571, 2480, 592
571, 2490, 592
571, 2500, 592
571, 2510, 592
571, 2520, 592
571, 2530, 592
571, 2540, 592
571, 2550, 592
571, 2560, 592
571, 2570, 592
571, 2580, 592
571, 2590, 592
571, 2600, 592
571, 2610, 592
571, 2620, 592
571, 2630, 591
571, 2640, 591
571, 2650, 591
571, 2660, 591
571, 2670, 591
571, 2680, 591
571, 2690, 591
571, 2700, 591
571, 2710, 591
571, 2720, 591
571, 2730, 591
571, 2740, 591
571, 2750, 591
571, 2760, 591
571, 2770, 591
571, 2780, 590
571, 2790, 590
571, 2800, 590
571, 2810, 590
571, 2820, 590
571, 2830, 590
571, 2840, 590
571, 2850, 590
571, 2860, 590
571, 2870, 590
571, 2880, 589
571, 2890, 589
571, 2900, 589
571, 2910, 589
571, 2920, 589
571, 2930, 589
571, 2940, 589
571, 2950, 589
571, 2960, 589
571, 2970, 588
571, 2980, 588
571, 2990, 588
571, 3000, 588
571, 3010, 588
571, 3020, 588
571, 3030, 588
571, 3040, 588
571, 3050, 588
571, 3060, 588
571, 3070, 588
571, 3080, 588
571, 3090, 587
571, 3100, 587
571, 3110, 587
571, 3120, 587
571, 3130, 587
571, 3140, 587
571, 3150, 587
571, 3160, 587
571, 3170, 587
571, 3180, 587
571, 3190, 587
571, 3200, 587
571, 3210, 587
571, 3220, 586
571, 3230, 586
571, 3240, 586
571, 3250, 586
571, 3260, 586
571, 3270, 586
571, 3280, 586
571, 3290, 586
571, 3300, 586
571, 3310, 586
571, 3320, 586
571, 3330, 585
571, 3340, 585
571, 3350, 585
571, 3360, 585
571, 3370, 585
571, 3380, 585
571, 3390, 585
571, 3400, 585
571, 3410, 585
571, 3420, 584
571, 3430, 584
571, 3440, 584
571, 3450, 584
571, 3460, 584
571, 3470, 584
571, 3480, 584
571, 3490, 583
571, 3500, 583
571, 3510, 583
571, 3520, 583
571, 3530, 583
571, 3540, 583
571, 3550, 583
571, 3560, 583
571, 3570, 583
571, 3580, 583
571, 3590, 582
571, 3600, 582
571, 3610, 582
571, 3620, 582
571, 3630, 582
571, 3640, 582
571, 3650, 582
571, 3660, 582
571, 3670, 582
571, 3680, 582
571, 3690, 582
571, 3700, 582
571, 3710, 581
571, 3720, 581
571, 3730, 581
571, 3740, 581
571, 3750, 581
571, 3760, 581
571, 3770, 581
571, 3780, 581
571, 3790, 581
571, 3800, 581
571, 3810, 581
571, 3820, 580
571, 3830, 580
571, 3840, 580
571, 3850, 580
571, 3860, 580
571, 3870, 580
571, 3880, 580
571, 3890, 580
571, 3900, 579
571, 3910, 579
571, 3920, 579
571, 3930, 579
571, 3940, 579
571, 3950, 579
571, 3960, 579
571, 3970, 579
571, 3980, 579
571, 3990, 579
571, 4000, 578
571, 4010, 578
571, 4020, 578
571, 4030, 578
571, 4040, 578
571, 4050, 578
571, 4060, 578
571, 4070, 578
571, 4080, 578
571, 4090, 578
571, 4100, 578
571, 4110, 578
571, 4120, 578
571, 4130, 577
571, 4140, 577
571, 4150, 577
571, 4160, 577
571, 4170, 577
571, 4180, 577
571, 4190, 577
571, 4200, 577
571, 4210, 577
571, 4220, 577
571, 4230, 577
571, 4240, 577
571, 4250, 576
571, 4260, 576
571, 4270, 576
571, 4280, 576
571, 4290, 576
571, 4300, 576
571, 4310, 576
571, 4320, 576
571, 4330, 576
571, 4340, 576
571, 4350, 575
571, 4360, 575
571, 4370, 575
571, 4380, 575
571, 4390, 575
571, 4400, 575
571, 4410, 575
571, 4420, 575
571, 4430, 575
571, 4440, 575
571, 4450, 575
571, 4460, 575
571, 4470, 575
571, 4480, 575
571, 4490, 575
571, 4500, 575
571, 4510, 575
571, 4520, 574
571, 4530, 574
571, 4540, 574
571, 4550, 574
571, 4560, 574
571, 4570, 574
571, 4580, 574
571, 4590, 574
571, 4600, 574
571, 4610, 574
571, 4620, 574
571, 4630, 574
571, 4640, 574
571, 4650, 574
571, 4660, 574
571, 4670, 574
571, 4680, 573
571, 4690, 573
571, 4700, 573
571, 4710, 573
571, 4720, 573
571, 4730, 573
571, 4740, 573
575, 4750, 573

------------------------------------------------------------
Sender: LSF System <lsfadmin@n2e1-5>
Subject: Job 202904: </share/tjmenzie/zyu9/miniconda2/bin/python2.7 runner.py exp_HPC 8> in cluster <henry2> Done

Job </share/tjmenzie/zyu9/miniconda2/bin/python2.7 runner.py exp_HPC 8> was submitted from host <login01> by user <zyu9> in cluster <henry2> at Thu Mar 14 09:30:59 2019.
Job was executed on host(s) <2*n2e1-5>, in queue <single_chassis>, as user <zyu9> in cluster <henry2> at Thu Mar 14 09:31:02 2019.
</home/zyu9> was used as the home directory.
</home/zyu9/projects/Better-Est/src> was used as the working directory.
Started at Thu Mar 14 09:31:02 2019.
Terminated at Thu Mar 14 17:41:59 2019.
Results reported at Thu Mar 14 17:41:59 2019.

Your job looked like:

------------------------------------------------------------
# LSBATCH: User input
/share/tjmenzie/zyu9/miniconda2/bin/python2.7 runner.py exp_HPC 8
------------------------------------------------------------

Successfully completed.

Resource usage summary:

    CPU time :                                   30650.85 sec.
    Max Memory :                                 419.61 MB
    Average Memory :                             172.93 MB
    Total Requested Memory :                     -
    Delta Memory :                               -
    Max Swap :                                   1473 MB
    Max Processes :                              3
    Max Threads :                                11
    Run time :                                   29457 sec.
    Turnaround time :                            29460 sec.

The output (if any) is above this job summary.



PS:

Read file <./err/8.err.202904> for stderr output of this job.

