0, 0, 350
7, 10, 350
16, 20, 352
26, 30, 356
36, 40, 361
46, 50, 366
56, 60, 371
66, 70, 376
76, 80, 381
86, 90, 387
96, 100, 392
106, 110, 397
116, 120, 402
126, 130, 408
136, 140, 413
139, 150, 419
145, 160, 417
155, 170, 418
165, 180, 422
175, 190, 428
185, 200, 432
195, 210, 438
205, 220, 443
215, 230, 447
225, 240, 453
235, 250, 458
242, 260, 463
252, 270, 465
261, 280, 470
268, 290, 475
278, 300, 477
286, 310, 482
294, 320, 485
303, 330, 488
313, 340, 492
321, 350, 498
330, 360, 500
339, 370, 505
348, 380, 509
353, 390, 513
363, 400, 513
371, 410, 519
381, 420, 521
390, 430, 527
399, 440, 531
408, 450, 535
413, 460, 540
421, 470, 540
431, 480, 543
437, 490, 548
443, 500, 549
452, 510, 550
460, 520, 554
466, 530, 558
474, 540, 560
482, 550, 565
485, 560, 570
489, 570, 570
497, 580, 570
503, 590, 575
507, 600, 578
512, 610, 579
516, 620, 582
519, 630, 583
523, 640, 584
527, 650, 585
530, 660, 587
534, 670, 588
537, 680, 590
542, 690, 592
550, 700, 595
551, 710, 602
556, 720, 601
557, 730, 605
562, 740, 604
563, 750, 608
563, 760, 608
566, 770, 607
568, 780, 609
569, 790, 609
570, 800, 609
571, 810, 609
572, 820, 609
573, 830, 609
576, 840, 610
579, 850, 612
580, 860, 614
580, 870, 615
580, 880, 614
581, 890, 613
582, 900, 613
583, 910, 614
585, 920, 614
587, 930, 616
588, 940, 617
588, 950, 617
588, 960, 617
588, 970, 616
589, 980, 616
589, 990, 616
589, 1000, 616
589, 1010, 615
589, 1020, 615
589, 1030, 614
589, 1040, 614
590, 1050, 613
591, 1060, 614
591, 1070, 615
591, 1080, 614
592, 1090, 614
592, 1100, 614
595, 1110, 614
595, 1120, 617
595, 1130, 616
595, 1140, 616
595, 1150, 616
596, 1160, 615
597, 1170, 616
599, 1180, 617
599, 1190, 619
599, 1200, 618
599, 1210, 618
600, 1220, 618
600, 1230, 619
600, 1240, 618
601, 1250, 618
601, 1260, 619
601, 1270, 619
602, 1280, 618
602, 1290, 619
602, 1300, 619
602, 1310, 619
602, 1320, 618
602, 1330, 618
604, 1340, 618
604, 1350, 620
604, 1360, 620
604, 1370, 619
605, 1380, 619
605, 1390, 620
606, 1400, 620
606, 1410, 621
606, 1420, 621
607, 1430, 620
607, 1440, 621
607, 1450, 621
607, 1460, 621
608, 1470, 621
608, 1480, 622
608, 1490, 621
608, 1500, 621
608, 1510, 621
608, 1520, 621
608, 1530, 621
608, 1540, 621
608, 1550, 620
608, 1560, 620
608, 1570, 620
608, 1580, 620
608, 1590, 620
608, 1600, 620
608, 1610, 620
608, 1620, 619
608, 1630, 619
608, 1640, 619
608, 1650, 619
608, 1660, 619
608, 1670, 619
609, 1680, 619
609, 1690, 619
609, 1700, 619
609, 1710, 619
609, 1720, 619
609, 1730, 619
609, 1740, 619
609, 1750, 619
609, 1760, 619
609, 1770, 618
609, 1780, 618
609, 1790, 618
609, 1800, 618
610, 1810, 618
610, 1820, 619
610, 1830, 619
610, 1840, 619
610, 1850, 619
610, 1860, 618
610, 1870, 618
610, 1880, 618
610, 1890, 618
610, 1900, 618
610, 1910, 618
610, 1920, 618
610, 1930, 618
611, 1940, 618
611, 1950, 619
611, 1960, 619
611, 1970, 618
611, 1980, 618
611, 1990, 618
611, 2000, 618
611, 2010, 618
611, 2020, 618
611, 2030, 618
611, 2040, 618
611, 2050, 618
611, 2060, 618
612, 2070, 618
612, 2080, 619
612, 2090, 619
612, 2100, 618
612, 2110, 618
612, 2120, 618
612, 2130, 618
612, 2140, 618
612, 2150, 618
612, 2160, 618
612, 2170, 618
612, 2180, 618
612, 2190, 618
612, 2200, 618
612, 2210, 618
612, 2220, 618
612, 2230, 618
612, 2240, 618
612, 2250, 617
612, 2260, 617
612, 2270, 617
612, 2280, 617
612, 2290, 617
612, 2300, 617
612, 2310, 617
612, 2320, 617
612, 2330, 617
612, 2340, 617
612, 2350, 617
612, 2360, 617
612, 2370, 617
612, 2380, 617
612, 2390, 617
612, 2400, 617
612, 2410, 617
612, 2420, 617
612, 2430, 617
612, 2440, 616
612, 2450, 616
612, 2460, 616
612, 2470, 616
612, 2480, 616
612, 2490, 616
612, 2500, 616
612, 2510, 616
612, 2520, 616
612, 2530, 616
612, 2540, 616
612, 2550, 616
612, 2560, 616
612, 2570, 616
612, 2580, 616
612, 2590, 616
612, 2600, 616
612, 2610, 616
612, 2620, 616
612, 2630, 616
613, 2640, 616
613, 2650, 617
613, 2660, 617
613, 2670, 617
613, 2680, 617
613, 2690, 617
613, 2700, 617
613, 2710, 616
613, 2720, 616
613, 2730, 616
613, 2740, 616
613, 2750, 616
613, 2760, 616
613, 2770, 616
613, 2780, 616
613, 2790, 616
613, 2800, 616
613, 2810, 616
613, 2820, 616
613, 2830, 616
613, 2840, 616
613, 2850, 616
613, 2860, 616
613, 2870, 616
613, 2880, 616
613, 2890, 616
613, 2900, 616
613, 2910, 616
613, 2920, 616
613, 2930, 616
613, 2940, 616
613, 2950, 616
613, 2960, 616
613, 2970, 616
613, 2980, 616
613, 2990, 616
613, 3000, 616
613, 3010, 616
613, 3020, 616
613, 3030, 616
613, 3040, 616
613, 3050, 616
613, 3060, 616
613, 3070, 616
613, 3080, 616
613, 3090, 616
613, 3100, 616
613, 3110, 616
613, 3120, 615
613, 3130, 615
613, 3140, 615
613, 3150, 615
613, 3160, 615
613, 3170, 615
613, 3180, 615
613, 3190, 615
613, 3200, 615
613, 3210, 615
615, 3220, 615
615, 3230, 617
615, 3240, 617
615, 3250, 617
615, 3260, 617
615, 3270, 617
615, 3280, 617
615, 3290, 617
615, 3300, 617
615, 3310, 617
615, 3320, 617
615, 3330, 617
615, 3340, 617
615, 3350, 617
615, 3360, 617
615, 3370, 617
615, 3380, 617
615, 3390, 617
615, 3400, 617
615, 3410, 617
615, 3420, 617
615, 3430, 617
615, 3440, 617
615, 3450, 617
615, 3460, 617
615, 3470, 617
615, 3480, 617
615, 3490, 617
615, 3500, 617
615, 3510, 617
615, 3520, 617
615, 3530, 617
615, 3540, 617
615, 3550, 617
615, 3560, 616
615, 3570, 616
615, 3580, 616
615, 3590, 616
615, 3600, 616
615, 3610, 616
615, 3620, 616
615, 3630, 616
615, 3640, 616
615, 3650, 616
615, 3660, 616
615, 3670, 616
615, 3680, 616
615, 3690, 616
615, 3700, 616
615, 3710, 616
615, 3720, 616
615, 3730, 616
615, 3740, 616
615, 3750, 616
615, 3760, 616
615, 3770, 616
615, 3780, 616
615, 3790, 616
615, 3800, 616
615, 3810, 616
615, 3820, 616
615, 3830, 616
615, 3840, 616
615, 3850, 616
615, 3860, 616
615, 3870, 616
615, 3880, 616
615, 3890, 616
615, 3900, 616
615, 3910, 616
615, 3920, 616
615, 3930, 616
615, 3940, 616
615, 3950, 616
615, 3960, 616
615, 3970, 616
615, 3980, 616
615, 3990, 616
615, 4000, 615
615, 4010, 615
615, 4020, 615
615, 4030, 615
615, 4040, 615
615, 4050, 615
615, 4060, 615
615, 4070, 615
615, 4080, 615
615, 4090, 615
615, 4100, 615
615, 4110, 615
615, 4120, 615
615, 4130, 615
615, 4140, 615
615, 4150, 615
615, 4160, 615
615, 4170, 615
615, 4180, 615
616, 4190, 615
616, 4200, 616
616, 4210, 616
616, 4220, 616
616, 4230, 616
616, 4240, 616
617, 4250, 616
617, 4260, 617
617, 4270, 617
617, 4280, 617
617, 4290, 617
617, 4300, 617
617, 4310, 617
617, 4320, 617
617, 4330, 617
617, 4340, 617
617, 4350, 617
617, 4360, 617
617, 4370, 617
617, 4380, 617
617, 4390, 617
617, 4400, 617
617, 4410, 617
617, 4420, 617
617, 4430, 617
617, 4440, 617
617, 4450, 617
617, 4460, 617
617, 4470, 617
617, 4480, 617
617, 4490, 617
617, 4500, 617
617, 4510, 617
617, 4520, 617
617, 4530, 617
617, 4540, 617
617, 4550, 617
617, 4560, 617
617, 4570, 617
617, 4580, 617
617, 4590, 617
617, 4600, 617
617, 4610, 617
618, 4620, 617
620, 4630, 618
620, 4640, 620
620, 4650, 620
620, 4660, 620
620, 4670, 620
620, 4680, 620
621, 4690, 620
621, 4700, 621
621, 4710, 621
621, 4720, 621
621, 4730, 621
621, 4740, 621
621, 4750, 621
621, 4760, 621
621, 4770, 621
621, 4780, 621
621, 4790, 621
621, 4800, 621
621, 4810, 621
621, 4820, 621
621, 4830, 621
621, 4840, 621
622, 4850, 621
0, 0, 0
1, 10, 0
3, 20, 93
8, 30, 72
16, 40, 71
24, 50, 74
33, 60, 79
36, 70, 69
46, 80, 74
54, 90, 98
64, 100, 106
74, 110, 112
84, 120, 141
93, 130, 140
99, 140, 164
107, 150, 159
117, 160, 166
126, 170, 179
136, 180, 188
145, 190, 200
155, 200, 208
162, 210, 226
172, 220, 227
182, 230, 237
192, 240, 266
202, 250, 275
212, 260, 283
222, 270, 303
231, 280, 331
241, 290, 348
251, 300, 366
259, 310, 390
269, 320, 405
276, 330, 428
286, 340, 424
296, 350, 456
306, 360, 477
316, 370, 483
326, 380, 506
336, 390, 520
345, 400, 548
355, 410, 572
364, 420, 587
374, 430, 607
384, 440, 626
394, 450, 704
404, 460, 690
414, 470, 692
424, 480, 696
434, 490, 701
444, 500, 708
454, 510, 713
464, 520, 731
473, 530, 732
483, 540, 743
493, 550, 759
503, 560, 779
513, 570, 800
521, 580, 805
531, 590, 818
535, 600, 864
539, 610, 861
539, 620, 855
539, 630, 826
540, 640, 824
541, 650, 812
541, 660, 811
541, 670, 795
544, 680, 782
545, 690, 783
547, 700, 755
547, 710, 759
547, 720, 752
548, 730, 742
548, 740, 737
548, 750, 735
548, 760, 734
549, 770, 715
549, 780, 712
551, 790, 698
553, 800, 723
554, 810, 696
557, 820, 700
561, 830, 695
563, 840, 697
564, 850, 692
564, 860, 686
564, 870, 678
565, 880, 681
565, 890, 674
565, 900, 663
565, 910, 666
566, 920, 662
566, 930, 651
569, 940, 652
576, 950, 643
578, 960, 664
578, 970, 660
578, 980, 657
578, 990, 643
578, 1000, 653
579, 1010, 639
579, 1020, 633
579, 1030, 643
579, 1040, 635
579, 1050, 637
579, 1060, 625
579, 1070, 623
580, 1080, 624
580, 1090, 623
580, 1100, 619
580, 1110, 617
580, 1120, 619
580, 1130, 615
580, 1140, 613
580, 1150, 616
580, 1160, 613
581, 1170, 609
582, 1180, 612
583, 1190, 611
585, 1200, 611
586, 1210, 615
586, 1220, 614
586, 1230, 610
586, 1240, 611
587, 1250, 612
587, 1260, 611
587, 1270, 609
589, 1280, 608
589, 1290, 611
589, 1300, 609
590, 1310, 608
590, 1320, 611
590, 1330, 611
590, 1340, 611
592, 1350, 608
593, 1360, 611
593, 1370, 609
593, 1380, 610
594, 1390, 608
595, 1400, 611
595, 1410, 611
595, 1420, 611
596, 1430, 609
596, 1440, 610
596, 1450, 610
596, 1460, 609
596, 1470, 609
596, 1480, 610
596, 1490, 610
596, 1500, 608
597, 1510, 608
598, 1520, 609
598, 1530, 611
598, 1540, 610
598, 1550, 611
598, 1560, 609
598, 1570, 608
598, 1580, 609
598, 1590, 608
598, 1600, 608
598, 1610, 607
599, 1620, 608
599, 1630, 610
599, 1640, 608
599, 1650, 609
600, 1660, 608
600, 1670, 608
602, 1680, 609
602, 1690, 610
602, 1700, 610
602, 1710, 610
602, 1720, 609
602, 1730, 610
602, 1740, 610
602, 1750, 609
603, 1760, 609
603, 1770, 610
603, 1780, 609
603, 1790, 610
604, 1800, 610
604, 1810, 611
604, 1820, 611
604, 1830, 610
604, 1840, 610
604, 1850, 610
604, 1860, 610
604, 1870, 610
604, 1880, 610
604, 1890, 610
604, 1900, 609
605, 1910, 609
605, 1920, 611
605, 1930, 611
605, 1940, 610
607, 1950, 610
607, 1960, 611
607, 1970, 611
607, 1980, 611
607, 1990, 611
607, 2000, 611
607, 2010, 611
607, 2020, 611
607, 2030, 611
608, 2040, 611
608, 2050, 612
608, 2060, 611
608, 2070, 611
609, 2080, 611
610, 2090, 612
610, 2100, 614
610, 2110, 613
610, 2120, 613
610, 2130, 613
610, 2140, 613
610, 2150, 613
610, 2160, 613
610, 2170, 613
610, 2180, 613
610, 2190, 613
610, 2200, 612
610, 2210, 613
610, 2220, 612
610, 2230, 612
610, 2240, 612
610, 2250, 612
610, 2260, 612
610, 2270, 612
610, 2280, 612
610, 2290, 612
610, 2300, 612
610, 2310, 612
610, 2320, 612
610, 2330, 612
611, 2340, 611
611, 2350, 612
611, 2360, 612
611, 2370, 612
611, 2380, 612
611, 2390, 612
611, 2400, 612
611, 2410, 612
612, 2420, 612
612, 2430, 613
612, 2440, 613
612, 2450, 613
612, 2460, 613
613, 2470, 613
614, 2480, 614
614, 2490, 615
614, 2500, 615
614, 2510, 615
614, 2520, 615
614, 2530, 615
614, 2540, 615
614, 2550, 615
614, 2560, 615
614, 2570, 615
614, 2580, 615
615, 2590, 615
615, 2600, 616
615, 2610, 616
615, 2620, 616
615, 2630, 616
615, 2640, 616
615, 2650, 616
615, 2660, 616
615, 2670, 616
616, 2680, 616
616, 2690, 617
617, 2700, 617
617, 2710, 618
617, 2720, 618
617, 2730, 618
617, 2740, 618
617, 2750, 618
617, 2760, 618
617, 2770, 618
617, 2780, 618
617, 2790, 618
617, 2800, 618
618, 2810, 618
618, 2820, 619
618, 2830, 619
618, 2840, 619
618, 2850, 619
618, 2860, 619
618, 2870, 618
618, 2880, 618
618, 2890, 618
619, 2900, 618
619, 2910, 620
619, 2920, 620
619, 2930, 620
619, 2940, 620
619, 2950, 620
619, 2960, 620
620, 2970, 621
621, 2980, 621
621, 2990, 622
621, 3000, 622
621, 3010, 622
621, 3020, 623
621, 3030, 623
621, 3040, 623
621, 3050, 622
621, 3060, 623
621, 3070, 623
621, 3080, 623
621, 3090, 623
621, 3100, 623
621, 3110, 623
621, 3120, 623
621, 3130, 623
621, 3140, 623
621, 3150, 623
621, 3160, 623
621, 3170, 623
621, 3180, 623
621, 3190, 622
621, 3200, 623
621, 3210, 623
621, 3220, 622
621, 3230, 622
621, 3240, 622
621, 3250, 622
621, 3260, 622
621, 3270, 622
621, 3280, 622
621, 3290, 621
621, 3300, 621
621, 3310, 622
621, 3320, 622
621, 3330, 621
621, 3340, 622
621, 3350, 621
621, 3360, 622
621, 3370, 622
621, 3380, 622
621, 3390, 622
621, 3400, 623
621, 3410, 623
621, 3420, 623
621, 3430, 623
621, 3440, 623
621, 3450, 624
621, 3460, 625
621, 3470, 625
621, 3480, 625
621, 3490, 625
621, 3500, 625
621, 3510, 625
621, 3520, 626
621, 3530, 626
621, 3540, 626
621, 3550, 626
621, 3560, 627
621, 3570, 627
621, 3580, 627
621, 3590, 627
621, 3600, 627
621, 3610, 627
621, 3620, 626
621, 3630, 626
621, 3640, 626
621, 3650, 626
621, 3660, 626
621, 3670, 626
621, 3680, 626
621, 3690, 625
621, 3700, 626
621, 3710, 626
621, 3720, 626
621, 3730, 626
621, 3740, 625
621, 3750, 624
621, 3760, 625
621, 3770, 626
621, 3780, 626
621, 3790, 625
621, 3800, 625
621, 3810, 626
621, 3820, 625
621, 3830, 625
622, 3840, 625
622, 3850, 626
622, 3860, 625
622, 3870, 625
622, 3880, 625
622, 3890, 626
622, 3900, 626
622, 3910, 626
622, 3920, 626
622, 3930, 626
622, 3940, 626
622, 3950, 626
622, 3960, 626
622, 3970, 625
622, 3980, 626
622, 3990, 626
622, 4000, 625
622, 4010, 625
622, 4020, 625
622, 4030, 625
622, 4040, 625
622, 4050, 625
622, 4060, 625
622, 4070, 625
622, 4080, 625
622, 4090, 625
622, 4100, 625
622, 4110, 625
622, 4120, 625
622, 4130, 625
622, 4140, 624
622, 4150, 624
622, 4160, 624
622, 4170, 624
622, 4180, 624
622, 4190, 624
622, 4200, 624
622, 4210, 625
622, 4220, 625
622, 4230, 625
622, 4240, 625
622, 4250, 625
622, 4260, 624
622, 4270, 624
622, 4280, 624
622, 4290, 624
622, 4300, 624
622, 4310, 624
622, 4320, 624
622, 4330, 624
622, 4340, 624
622, 4350, 624
622, 4360, 624
622, 4370, 624
622, 4380, 624
622, 4390, 624
622, 4400, 624
622, 4410, 624
622, 4420, 624
622, 4430, 624
622, 4440, 624
622, 4450, 624
622, 4460, 623
622, 4470, 623
622, 4480, 623
622, 4490, 623
622, 4500, 623
622, 4510, 623
622, 4520, 623
622, 4530, 623
622, 4540, 623
622, 4550, 623
622, 4560, 623
622, 4570, 623
622, 4580, 623
622, 4590, 623

------------------------------------------------------------
Sender: LSF System <lsfadmin@n2e5-3>
Subject: Job 360696: </share/tjmenzie/zyu9/miniconda2/bin/python2.7 runner.py exp_HPC 8> in cluster <henry2> Done

Job </share/tjmenzie/zyu9/miniconda2/bin/python2.7 runner.py exp_HPC 8> was submitted from host <login01> by user <zyu9> in cluster <henry2> at Thu Mar 21 10:23:07 2019.
Job was executed on host(s) <2*n2e5-3>, in queue <single_chassis>, as user <zyu9> in cluster <henry2> at Thu Mar 21 10:23:10 2019.
</home/zyu9> was used as the home directory.
</home/zyu9/projects/Better-Est/src> was used as the working directory.
Started at Thu Mar 21 10:23:10 2019.
Terminated at Thu Mar 21 14:44:40 2019.
Results reported at Thu Mar 21 14:44:40 2019.

Your job looked like:

------------------------------------------------------------
# LSBATCH: User input
/share/tjmenzie/zyu9/miniconda2/bin/python2.7 runner.py exp_HPC 8
------------------------------------------------------------

Successfully completed.

Resource usage summary:

    CPU time :                                   16725.61 sec.
    Max Memory :                                 400.70 MB
    Average Memory :                             164.20 MB
    Total Requested Memory :                     -
    Delta Memory :                               -
    Max Swap :                                   1456 MB
    Max Processes :                              3
    Max Threads :                                11
    Run time :                                   15696 sec.
    Turnaround time :                            15693 sec.

The output (if any) is above this job summary.



PS:

Read file <./err/8.err.360696> for stderr output of this job.

