0, 0, 197
1, 10, 197
1, 20, 197
6, 30, 195
6, 40, 197
16, 50, 196
20, 60, 201
26, 70, 202
33, 80, 204
39, 90, 208
45, 100, 211
45, 110, 213
45, 120, 212
45, 130, 209
48, 140, 206
54, 150, 208
60, 160, 211
68, 170, 214
75, 180, 218
82, 190, 221
89, 200, 225
94, 210, 230
99, 220, 231
102, 230, 234
106, 240, 234
113, 250, 235
117, 260, 238
117, 270, 239
126, 280, 236
133, 290, 241
139, 300, 245
143, 310, 246
147, 320, 247
149, 330, 249
154, 340, 249
159, 350, 249
161, 360, 251
168, 370, 251
173, 380, 253
177, 390, 255
180, 400, 256
184, 410, 255
189, 420, 257
189, 430, 259
189, 440, 259
189, 450, 259
189, 460, 259
189, 470, 259
189, 480, 259
189, 490, 259
189, 500, 258
189, 510, 258
189, 520, 258
189, 530, 258
189, 540, 258
189, 550, 258
189, 560, 258
189, 570, 258
189, 580, 258
189, 590, 258
189, 600, 258
189, 610, 258
189, 620, 258
189, 630, 258
189, 640, 257
189, 650, 257
189, 660, 257
189, 670, 257
189, 680, 257
189, 690, 257
189, 700, 257
189, 710, 257
189, 720, 257
189, 730, 257
189, 740, 257
189, 750, 256
189, 760, 256
189, 770, 256
189, 780, 256
189, 790, 256
189, 800, 256
189, 810, 256
189, 820, 256
189, 830, 255
189, 840, 255
189, 850, 255
189, 860, 255
189, 870, 255
189, 880, 255
189, 890, 255
189, 900, 255
189, 910, 255
189, 920, 255
189, 930, 255
189, 940, 255
189, 950, 255
189, 960, 254
189, 970, 254
189, 980, 254
189, 990, 254
189, 1000, 254
189, 1010, 254
189, 1020, 254
189, 1030, 254
189, 1040, 254
189, 1050, 254
189, 1060, 254
189, 1070, 254
189, 1080, 254
189, 1090, 253
189, 1100, 253
189, 1110, 253
189, 1120, 253
189, 1130, 253
189, 1140, 253
189, 1150, 253
189, 1160, 253
189, 1170, 253
189, 1180, 253
189, 1190, 253
189, 1200, 253
189, 1210, 252
189, 1220, 252
189, 1230, 252
189, 1240, 252
189, 1250, 252
189, 1260, 252
189, 1270, 252
189, 1280, 252
189, 1290, 252
189, 1300, 252
189, 1310, 252
189, 1320, 252
189, 1330, 252
189, 1340, 251
189, 1350, 251
189, 1360, 251
189, 1370, 251
189, 1380, 251
189, 1390, 251
189, 1400, 251
189, 1410, 251
189, 1420, 251
189, 1430, 251
189, 1440, 251
189, 1450, 250
189, 1460, 250
189, 1470, 250
189, 1480, 250
189, 1490, 250
189, 1500, 250
189, 1510, 250
189, 1520, 250
189, 1530, 250
189, 1540, 250
189, 1550, 250
189, 1560, 250
189, 1570, 250
189, 1580, 250
189, 1590, 249
189, 1600, 249
189, 1610, 249
189, 1620, 249
189, 1630, 249
189, 1640, 249
189, 1650, 249
189, 1660, 249
189, 1670, 249
189, 1680, 249
189, 1690, 249
189, 1700, 249
189, 1710, 249
189, 1720, 249
189, 1730, 249
189, 1740, 249
189, 1750, 248
189, 1760, 248
189, 1770, 248
189, 1780, 248
189, 1790, 248
189, 1800, 248
189, 1810, 248
189, 1820, 248
189, 1830, 248
189, 1840, 247
189, 1850, 247
189, 1860, 247
189, 1870, 247
189, 1880, 247
189, 1890, 247
189, 1900, 247
189, 1910, 247
189, 1920, 247
189, 1930, 247
189, 1940, 247
189, 1950, 247
189, 1960, 247
189, 1970, 247
189, 1980, 247
189, 1990, 246
189, 2000, 246
189, 2010, 246
189, 2020, 246
189, 2030, 246
189, 2040, 246
189, 2050, 246
189, 2060, 246
189, 2070, 246
189, 2080, 246
189, 2090, 246
189, 2100, 246
189, 2110, 246
189, 2120, 246
189, 2130, 246
189, 2140, 245
189, 2150, 245
189, 2160, 245
189, 2170, 245
189, 2180, 245
189, 2190, 245
189, 2200, 245
189, 2210, 245
189, 2220, 245
189, 2230, 245
189, 2240, 245
189, 2250, 245
189, 2260, 244
189, 2270, 244
189, 2280, 244
189, 2290, 244
189, 2300, 243
189, 2310, 243
189, 2320, 244
189, 2330, 244
189, 2340, 244
189, 2350, 244
189, 2360, 244
189, 2370, 243
189, 2380, 243
189, 2390, 243
189, 2400, 243
189, 2410, 243
189, 2420, 243
189, 2430, 242
189, 2440, 242
189, 2450, 242
189, 2460, 242
189, 2470, 242
189, 2480, 242
189, 2490, 242
189, 2500, 241
189, 2510, 241
189, 2520, 241
189, 2530, 241
189, 2540, 241
189, 2550, 241
189, 2560, 241
189, 2570, 241
189, 2580, 240
189, 2590, 240
189, 2600, 240
189, 2610, 240
189, 2620, 239
189, 2630, 239
189, 2640, 239
189, 2650, 239
189, 2660, 239
189, 2670, 238
189, 2680, 238
189, 2690, 238
189, 2700, 238
189, 2710, 238
189, 2720, 238
189, 2730, 238
189, 2740, 238
189, 2750, 238
189, 2760, 237
189, 2770, 237
189, 2780, 237
189, 2790, 237
189, 2800, 237
189, 2810, 236
189, 2820, 236
189, 2830, 236
189, 2840, 236
189, 2850, 235
189, 2860, 235
189, 2870, 235
189, 2880, 235
189, 2890, 235
189, 2900, 235
189, 2910, 235
189, 2920, 234
189, 2930, 234
189, 2940, 234
189, 2950, 234
189, 2960, 233
189, 2970, 233
189, 2980, 233
189, 2990, 233
189, 3000, 233
189, 3010, 233
189, 3020, 233
189, 3030, 233
189, 3040, 233
189, 3050, 232
189, 3060, 232
189, 3070, 232
189, 3080, 232
189, 3090, 232
189, 3100, 231
189, 3110, 231
189, 3120, 231
189, 3130, 231
189, 3140, 231
189, 3150, 231
189, 3160, 231
189, 3170, 231
189, 3180, 231
189, 3190, 231
189, 3200, 231
189, 3210, 231
189, 3220, 230
189, 3230, 230
189, 3240, 230
189, 3250, 230
189, 3260, 230
189, 3270, 230
189, 3280, 230
189, 3290, 230
189, 3300, 230
189, 3310, 230
189, 3320, 230
189, 3330, 230
189, 3340, 229
189, 3350, 229
189, 3360, 229
189, 3370, 229
189, 3380, 229
189, 3390, 229
189, 3400, 229
189, 3410, 229
189, 3420, 229
189, 3430, 229
189, 3440, 229
189, 3450, 228
189, 3460, 228
189, 3470, 228
189, 3480, 228
189, 3490, 228
189, 3500, 228
189, 3510, 228
189, 3520, 228
189, 3530, 228
189, 3540, 228
189, 3550, 228
189, 3560, 228
189, 3570, 227
189, 3580, 227
189, 3590, 227
189, 3600, 227
189, 3610, 227
189, 3620, 227
189, 3630, 227
189, 3640, 227
189, 3650, 227
189, 3660, 227
189, 3670, 226
189, 3680, 226
189, 3690, 226
189, 3700, 226
189, 3710, 226
189, 3720, 226
189, 3730, 226
189, 3740, 226
189, 3750, 225
189, 3760, 225
189, 3770, 225
189, 3780, 225
189, 3790, 225
189, 3800, 225
189, 3810, 225
189, 3820, 225
189, 3830, 225
189, 3840, 225
189, 3850, 225
189, 3860, 225
189, 3870, 225
189, 3880, 224
189, 3890, 224
189, 3900, 224
189, 3910, 224
189, 3920, 224
189, 3930, 224
189, 3940, 224
189, 3950, 224
189, 3960, 224
189, 3970, 224
189, 3980, 224
189, 3990, 223
189, 4000, 223
189, 4010, 223
189, 4020, 223
189, 4030, 223
189, 4040, 223
189, 4050, 223
189, 4060, 222
189, 4070, 222
189, 4080, 222
189, 4090, 222
189, 4100, 222
189, 4110, 222
189, 4120, 222
189, 4130, 222
189, 4140, 222
189, 4150, 222
189, 4160, 221
189, 4170, 221
189, 4180, 221
189, 4190, 221
189, 4200, 221
189, 4210, 220
189, 4220, 220
189, 4230, 220
189, 4240, 220
189, 4250, 220
189, 4260, 220
189, 4270, 220
189, 4280, 220
189, 4290, 220
189, 4300, 220
189, 4310, 219
189, 4320, 219
189, 4330, 219
189, 4340, 219
189, 4350, 219
189, 4360, 219
189, 4370, 219
189, 4380, 219
189, 4390, 219
189, 4400, 219
189, 4410, 218
189, 4420, 218
189, 4430, 218
189, 4440, 218
189, 4450, 218
189, 4460, 218
189, 4470, 218
189, 4480, 218
189, 4490, 218
189, 4500, 218
189, 4510, 218
189, 4520, 218
189, 4530, 218
189, 4540, 218
189, 4550, 218
189, 4560, 217
189, 4570, 217
189, 4580, 217
189, 4590, 217
189, 4600, 217
189, 4610, 217
189, 4620, 217
189, 4630, 217
189, 4640, 217
189, 4650, 217
189, 4660, 216
189, 4670, 216
189, 4680, 216
189, 4690, 216
189, 4700, 216
189, 4710, 216
189, 4720, 216
189, 4730, 216
189, 4740, 216
189, 4750, 216
189, 4760, 216
189, 4770, 216
189, 4780, 216
189, 4790, 215
189, 4800, 215
189, 4810, 215
189, 4820, 215
189, 4830, 215
189, 4840, 215
189, 4850, 215
189, 4860, 214
189, 4870, 214
189, 4880, 214
189, 4890, 214
189, 4900, 213
189, 4910, 213
189, 4920, 213
189, 4930, 213
189, 4940, 213
189, 4950, 213
189, 4960, 212
189, 4970, 212
189, 4980, 212
189, 4990, 212
189, 5000, 212
189, 5010, 212
189, 5020, 211
189, 5030, 211
189, 5040, 211
189, 5050, 211
189, 5060, 211
189, 5070, 211
189, 5080, 210
189, 5090, 210
189, 5100, 210
189, 5110, 210
189, 5120, 210
189, 5130, 210
189, 5140, 210
189, 5150, 210
189, 5160, 209
189, 5170, 209
189, 5180, 209
189, 5190, 209
189, 5200, 209
189, 5210, 209
189, 5220, 209
189, 5230, 209
189, 5240, 209
189, 5250, 209
189, 5260, 209
189, 5270, 209
189, 5280, 209
189, 5290, 209
189, 5300, 208
189, 5310, 208
189, 5320, 208
189, 5330, 208
189, 5340, 208
189, 5350, 208
189, 5360, 208
189, 5370, 207
189, 5380, 207
189, 5390, 207
189, 5400, 207
189, 5410, 207
189, 5420, 207
189, 5430, 207
189, 5440, 207
189, 5450, 207
189, 5460, 207
189, 5470, 207
189, 5480, 207
189, 5490, 206
189, 5500, 206
189, 5510, 206
189, 5520, 206
189, 5530, 206
189, 5540, 206
189, 5550, 206
189, 5560, 206
189, 5570, 206
189, 5580, 206
189, 5590, 206
189, 5600, 206
189, 5610, 205
189, 5620, 205
189, 5630, 205
189, 5640, 205
189, 5650, 205
189, 5660, 205
189, 5670, 205
189, 5680, 205
189, 5690, 205
189, 5700, 204
189, 5710, 204
189, 5720, 204
189, 5730, 204
189, 5740, 204
189, 5750, 204
189, 5760, 204
189, 5770, 204
189, 5780, 204
189, 5790, 204
189, 5800, 203
189, 5810, 203
189, 5820, 203
189, 5830, 203
189, 5840, 203
189, 5850, 203
189, 5860, 203
189, 5870, 203
189, 5880, 203
189, 5890, 202
189, 5900, 202
189, 5910, 202
189, 5920, 202
189, 5930, 202
189, 5940, 202
189, 5950, 202
189, 5960, 202
189, 5970, 202
189, 5980, 202
189, 5990, 202
189, 6000, 202
189, 6010, 202
189, 6020, 202
189, 6030, 201
189, 6040, 201
189, 6050, 201
189, 6060, 201
189, 6070, 201
189, 6080, 201
189, 6090, 201
189, 6100, 201
189, 6110, 201
189, 6120, 201
189, 6130, 200
189, 6140, 200
189, 6150, 200
189, 6160, 200
189, 6170, 200
189, 6180, 200
189, 6190, 200
189, 6200, 200
189, 6210, 200
189, 6220, 200
189, 6230, 200
189, 6240, 200
189, 6250, 199
189, 6260, 199
189, 6270, 199
189, 6280, 199
189, 6290, 199
189, 6300, 199
189, 6310, 199
189, 6320, 199
189, 6330, 199
189, 6340, 199
189, 6350, 199
189, 6360, 198
189, 6370, 198
189, 6380, 198
189, 6390, 198
189, 6400, 198
189, 6410, 198
189, 6420, 198
189, 6430, 198
189, 6440, 198
189, 6450, 198
189, 6460, 198
189, 6470, 198
189, 6480, 198
189, 6490, 198
189, 6500, 197
189, 6510, 197
189, 6520, 197
189, 6530, 197
189, 6540, 197
189, 6550, 197
189, 6560, 197
189, 6570, 197
189, 6580, 197
189, 6590, 197
189, 6600, 197
189, 6610, 197
189, 6620, 196
189, 6630, 196
189, 6640, 196
189, 6650, 196
189, 6660, 196
189, 6670, 196
189, 6680, 196
189, 6690, 196
189, 6700, 196
189, 6710, 196
189, 6720, 196
189, 6730, 196
189, 6740, 195
189, 6750, 195
189, 6760, 195
189, 6770, 195
189, 6780, 195
189, 6790, 195
189, 6800, 195
189, 6810, 195
189, 6820, 195
189, 6830, 195
189, 6840, 195
189, 6850, 195
189, 6860, 194
190, 6870, 194
190, 6880, 195
190, 6890, 195
190, 6900, 195
190, 6910, 195
190, 6920, 195
193, 6930, 195
197, 6940, 197
200, 6950, 201
201, 6960, 204
202, 6970, 205
205, 6980, 206
209, 6990, 209
212, 7000, 213
216, 7010, 215
221, 7020, 219
224, 7030, 224
228, 7040, 227
232, 7050, 230
235, 7060, 234
239, 7070, 237
242, 7080, 241
250, 7090, 243
254, 7100, 251
257, 7110, 255
259, 7120, 258
261, 7130, 260
264, 7140, 262
267, 7150, 265
267, 7160, 268
270, 7170, 267
274, 7180, 270
279, 7190, 274
285, 7200, 279
285, 7210, 285
286, 7215, 285
0, 0, 0
0, 10, 0
0, 20, 0
1, 30, 0
1, 40, 118
1, 50, 111
1, 60, 113
1, 70, 113
2, 80, 111
3, 90, 112
4, 100, 94
8, 110, 89
12, 120, 92
15, 130, 93
17, 140, 94
21, 150, 92
24, 160, 96
29, 170, 93
31, 180, 99
33, 190, 52
41, 200, 69
51, 210, 78
61, 220, 87
69, 230, 163
79, 240, 219
89, 250, 262
97, 260, 313
106, 270, 338
116, 280, 357
125, 290, 448
134, 300, 470
144, 310, 522
154, 320, 571
159, 330, 593
163, 340, 609
166, 350, 594
168, 360, 609
168, 370, 602
170, 380, 577
173, 390, 605
175, 400, 602
175, 410, 595
176, 420, 552
177, 430, 547
180, 440, 502
180, 450, 505
180, 460, 495
181, 470, 485
183, 480, 486
185, 490, 491
185, 500, 490
186, 510, 494
186, 520, 473
186, 530, 496
186, 540, 503
187, 550, 482
190, 560, 464
190, 570, 460
190, 580, 460
190, 590, 473
193, 600, 480
197, 610, 486
198, 620, 469
198, 630, 472
198, 640, 461
199, 650, 461
199, 660, 456
199, 670, 468
201, 680, 465
201, 690, 462
203, 700, 458
203, 710, 476
203, 720, 455
204, 730, 469
204, 740, 451
204, 750, 448
205, 760, 447
205, 770, 441
205, 780, 434
215, 790, 437
223, 800, 453
223, 810, 450
223, 820, 446
223, 830, 442
223, 840, 430
224, 850, 426
225, 860, 425
226, 870, 432
228, 880, 436
233, 890, 433
234, 900, 443
234, 910, 439
237, 920, 436
238, 930, 445
238, 940, 438
238, 950, 443
239, 960, 441
240, 970, 444
240, 980, 439
242, 990, 439
243, 1000, 428
243, 1010, 437
243, 1020, 425
243, 1030, 416
243, 1040, 409
243, 1050, 415
244, 1060, 403
244, 1070, 407
244, 1080, 400
244, 1090, 399
244, 1100, 396
244, 1110, 398
244, 1120, 385
244, 1130, 389
244, 1140, 379
244, 1150, 378
244, 1160, 373
244, 1170, 370
245, 1180, 371
245, 1190, 371
245, 1200, 367
245, 1210, 363
245, 1220, 363
246, 1230, 356
246, 1240, 358
246, 1250, 357
246, 1260, 373
247, 1270, 371
247, 1280, 372
247, 1290, 368
247, 1300, 363
247, 1310, 359
247, 1320, 356
247, 1330, 355
247, 1340, 351
247, 1350, 352
247, 1360, 352
247, 1370, 349
248, 1380, 347
248, 1390, 346
250, 1400, 348
251, 1410, 351
251, 1420, 351
251, 1430, 349
251, 1440, 346
251, 1450, 342
251, 1460, 338
251, 1470, 338
251, 1480, 338
252, 1490, 338
252, 1500, 333
252, 1510, 329
252, 1520, 330
252, 1530, 336
252, 1540, 326
252, 1550, 333
252, 1560, 330
252, 1570, 328
252, 1580, 324
252, 1590, 323
252, 1600, 321
252, 1610, 319
252, 1620, 325
252, 1630, 323
252, 1640, 330
252, 1650, 333
252, 1660, 329
252, 1670, 325
254, 1680, 326
254, 1690, 333
254, 1700, 326
254, 1710, 322
254, 1720, 327
254, 1730, 328
255, 1740, 322
255, 1750, 328
255, 1760, 329
255, 1770, 325
257, 1780, 326
257, 1790, 322
257, 1800, 321
257, 1810, 319
257, 1820, 319
257, 1830, 316
257, 1840, 316
257, 1850, 314
257, 1860, 313
257, 1870, 312
257, 1880, 310
257, 1890, 309
257, 1900, 307
258, 1910, 307
258, 1920, 309
258, 1930, 312
258, 1940, 310
258, 1950, 310
258, 1960, 309
258, 1970, 310
258, 1980, 310
258, 1990, 309
258, 2000, 308
258, 2010, 307
258, 2020, 307
258, 2030, 305
258, 2040, 306
258, 2050, 300
259, 2060, 299
259, 2070, 299
259, 2080, 304
259, 2090, 299
260, 2100, 303
260, 2110, 304
260, 2120, 304
260, 2130, 303
261, 2140, 304
262, 2150, 305
270, 2160, 308
270, 2170, 312
270, 2180, 313
270, 2190, 312
270, 2200, 311
271, 2210, 312
271, 2220, 312
271, 2230, 313
271, 2240, 312
271, 2250, 313
272, 2260, 312
272, 2270, 312
272, 2280, 312
272, 2290, 312
272, 2300, 317
272, 2310, 312
272, 2320, 312
272, 2330, 311
272, 2340, 311
272, 2350, 312
272, 2360, 315
272, 2370, 313
272, 2380, 313
272, 2390, 312
272, 2400, 311
272, 2410, 311
272, 2420, 312
272, 2430, 312
272, 2440, 311
272, 2450, 310
276, 2460, 310
276, 2470, 314
276, 2480, 312
276, 2490, 315
276, 2500, 317
276, 2510, 315
276, 2520, 315
276, 2530, 315
276, 2540, 314
276, 2550, 314
276, 2560, 314
276, 2570, 313
276, 2580, 312
276, 2590, 310
276, 2600, 310
276, 2610, 310
276, 2620, 310
276, 2630, 309
276, 2640, 307
276, 2650, 306
276, 2660, 306
276, 2670, 306
276, 2680, 306
276, 2690, 306
276, 2700, 305
276, 2710, 304
276, 2720, 304
276, 2730, 304
276, 2740, 304
276, 2750, 304
276, 2760, 303
276, 2770, 302
276, 2780, 302
276, 2790, 303
276, 2800, 303
276, 2810, 302
276, 2820, 303
276, 2830, 306
276, 2840, 305
276, 2850, 306
276, 2860, 307
276, 2870, 305
276, 2880, 307
276, 2890, 307
276, 2900, 306
276, 2910, 304
276, 2920, 305
276, 2930, 305
276, 2940, 305
276, 2950, 305
276, 2960, 305
276, 2970, 304
276, 2980, 304
276, 2990, 304
276, 3000, 303
276, 3010, 301
276, 3020, 301
276, 3030, 300
277, 3040, 300
277, 3050, 299
277, 3060, 302
277, 3070, 301
277, 3080, 301
277, 3090, 303
277, 3100, 303
277, 3110, 303
277, 3120, 302
277, 3130, 303
277, 3140, 302
277, 3150, 301
277, 3160, 302
277, 3170, 301
277, 3180, 301
277, 3190, 301
277, 3200, 300
277, 3210, 300
277, 3220, 300
277, 3230, 300
277, 3240, 298
277, 3250, 298
277, 3260, 296
277, 3270, 296
277, 3280, 296
277, 3290, 296
277, 3300, 297
277, 3310, 297
277, 3320, 295
277, 3330, 296
277, 3340, 296
277, 3350, 297
277, 3360, 296
277, 3370, 297
277, 3380, 295
277, 3390, 297
277, 3400, 296
277, 3410, 296
277, 3420, 294
277, 3430, 294
277, 3440, 293
277, 3450, 295
277, 3460, 293
277, 3470, 294
277, 3480, 294
277, 3490, 293
277, 3500, 294
277, 3510, 294
277, 3520, 293
277, 3530, 292
277, 3540, 294
277, 3550, 292
277, 3560, 293
277, 3570, 292
277, 3580, 293
277, 3590, 292
277, 3600, 291
277, 3610, 292
277, 3620, 292
277, 3630, 291
277, 3640, 291
277, 3650, 293
277, 3660, 292
277, 3670, 292
277, 3680, 290
277, 3690, 291
277, 3700, 289
277, 3710, 290
277, 3720, 292
277, 3730, 292
277, 3740, 291
277, 3750, 290
277, 3760, 291
277, 3770, 290
277, 3780, 290
277, 3790, 290
277, 3800, 289
277, 3810, 290
277, 3820, 290
278, 3830, 289
278, 3840, 290
278, 3850, 290
278, 3860, 290
278, 3870, 290
278, 3880, 290
278, 3890, 289
278, 3900, 290
278, 3910, 289
278, 3920, 290
278, 3930, 289
278, 3940, 289
278, 3950, 288
278, 3960, 288
278, 3970, 288
279, 3980, 288
279, 3990, 289
279, 4000, 289
279, 4010, 289
279, 4020, 288
279, 4030, 288
279, 4040, 288
279, 4050, 288
279, 4060, 288
279, 4070, 288
279, 4080, 287
279, 4090, 287
279, 4100, 287
279, 4110, 287
279, 4120, 288
279, 4130, 288
279, 4140, 288
279, 4150, 288
279, 4160, 288
279, 4170, 287
279, 4180, 288
279, 4190, 287
279, 4200, 287
279, 4210, 286
279, 4220, 286
279, 4230, 287
279, 4240, 287
279, 4250, 286
279, 4260, 286
279, 4270, 286
279, 4280, 287
279, 4290, 286
279, 4300, 286
279, 4310, 286
279, 4320, 286
279, 4330, 286
279, 4340, 286
279, 4350, 285
279, 4360, 285
279, 4370, 285
279, 4380, 286
279, 4390, 285
279, 4400, 285
279, 4410, 286
279, 4420, 285
279, 4430, 285
279, 4440, 285
279, 4450, 286
279, 4460, 285
279, 4470, 285
279, 4480, 285
279, 4490, 285
279, 4500, 285
279, 4510, 284
279, 4520, 285
279, 4530, 285
279, 4540, 285
279, 4550, 284
279, 4560, 284
279, 4570, 284
279, 4580, 284
279, 4590, 284
279, 4600, 284
279, 4610, 284
279, 4620, 284
280, 4630, 284
280, 4640, 285
281, 4650, 285
281, 4660, 286
281, 4670, 286
281, 4680, 286
281, 4690, 286
281, 4700, 285
281, 4710, 285
281, 4720, 285
281, 4730, 285
281, 4740, 285
281, 4750, 285
281, 4760, 285
281, 4770, 285
281, 4780, 285
281, 4790, 285
281, 4800, 285
281, 4810, 285
281, 4820, 285
281, 4830, 285
281, 4840, 284
281, 4850, 284
281, 4860, 284
281, 4870, 284
281, 4880, 284
281, 4890, 284
281, 4900, 284
282, 4910, 284
282, 4920, 285
282, 4930, 285
282, 4940, 285
282, 4950, 285
282, 4960, 285
282, 4970, 285
282, 4980, 285
283, 4990, 285
283, 5000, 286
283, 5010, 286
283, 5020, 286
283, 5030, 286
283, 5040, 286
283, 5050, 286
283, 5060, 286
283, 5070, 286
285, 5080, 286
285, 5090, 289
285, 5100, 288
285, 5110, 288
285, 5120, 288
285, 5130, 288
285, 5140, 288
285, 5150, 287
285, 5160, 287
285, 5170, 287
285, 5180, 287
285, 5190, 287
285, 5200, 287
285, 5210, 287
285, 5220, 287
285, 5230, 287
285, 5240, 287
285, 5250, 287
285, 5260, 288
285, 5270, 288
285, 5280, 287
285, 5290, 288
285, 5300, 287
285, 5310, 287
285, 5320, 287
285, 5330, 287
285, 5340, 287
285, 5350, 287
285, 5360, 286
285, 5370, 286
285, 5380, 286
285, 5390, 286
285, 5400, 286
285, 5410, 286
285, 5420, 286
285, 5430, 286
285, 5440, 286
285, 5450, 286
285, 5460, 286
285, 5470, 286
285, 5480, 286
285, 5490, 286
285, 5500, 286
285, 5510, 286
285, 5520, 286
285, 5530, 286
285, 5540, 286
285, 5550, 286
285, 5560, 286
285, 5570, 286
285, 5580, 286
285, 5590, 286
285, 5600, 286
285, 5610, 286
285, 5620, 285
285, 5630, 285
285, 5640, 285
285, 5650, 285
285, 5660, 285
285, 5670, 285
286, 5680, 285

------------------------------------------------------------
Sender: LSF System <lsfadmin@n2j1-1>
Subject: Job 223324: </share/tjmenzie/zyu9/miniconda2/bin/python2.7 runner.py exp_HPC 9> in cluster <henry2> Done

Job </share/tjmenzie/zyu9/miniconda2/bin/python2.7 runner.py exp_HPC 9> was submitted from host <login01> by user <zyu9> in cluster <henry2> at Fri Mar 15 14:39:53 2019.
Job was executed on host(s) <2*n2j1-1>, in queue <single_chassis>, as user <zyu9> in cluster <henry2> at Fri Mar 15 14:39:59 2019.
</home/zyu9> was used as the home directory.
</home/zyu9/projects/Better-Est/src> was used as the working directory.
Started at Fri Mar 15 14:39:59 2019.
Terminated at Fri Mar 15 21:28:47 2019.
Results reported at Fri Mar 15 21:28:47 2019.

Your job looked like:

------------------------------------------------------------
# LSBATCH: User input
/share/tjmenzie/zyu9/miniconda2/bin/python2.7 runner.py exp_HPC 9
------------------------------------------------------------

Successfully completed.

Resource usage summary:

    CPU time :                                   26387.77 sec.
    Max Memory :                                 400.91 MB
    Average Memory :                             160.67 MB
    Total Requested Memory :                     -
    Delta Memory :                               -
    Max Swap :                                   1729 MB
    Max Processes :                              3
    Max Threads :                                15
    Run time :                                   24528 sec.
    Turnaround time :                            24534 sec.

The output (if any) is above this job summary.



PS:

Read file <./err/9.err.223324> for stderr output of this job.

