0, 0, 197
1, 10, 197
1, 20, 197
6, 30, 195
6, 40, 197
16, 50, 196
20, 60, 201
26, 70, 202
33, 80, 204
39, 90, 208
45, 100, 211
45, 110, 213
45, 120, 212
45, 130, 209
48, 140, 206
54, 150, 208
60, 160, 211
68, 170, 214
75, 180, 218
82, 190, 221
89, 200, 225
94, 210, 230
99, 220, 231
102, 230, 234
106, 240, 234
113, 250, 235
117, 260, 238
117, 270, 239
126, 280, 236
133, 290, 241
139, 300, 245
143, 310, 246
147, 320, 247
149, 330, 249
154, 340, 249
159, 350, 249
161, 360, 251
168, 370, 251
173, 380, 253
177, 390, 255
180, 400, 256
184, 410, 255
189, 420, 257
189, 430, 259
189, 440, 259
189, 450, 259
189, 460, 259
189, 470, 259
189, 480, 259
189, 490, 259
189, 500, 258
189, 510, 258
189, 520, 258
189, 530, 258
189, 540, 258
189, 550, 258
189, 560, 258
189, 570, 258
189, 580, 258
189, 590, 258
189, 600, 258
189, 610, 258
189, 620, 258
189, 630, 258
189, 640, 257
189, 650, 257
189, 660, 257
189, 670, 257
189, 680, 257
189, 690, 257
189, 700, 257
189, 710, 257
189, 720, 257
189, 730, 257
189, 740, 257
189, 750, 256
189, 760, 256
189, 770, 256
189, 780, 256
189, 790, 256
189, 800, 256
189, 810, 256
189, 820, 256
189, 830, 255
189, 840, 255
189, 850, 255
189, 860, 255
189, 870, 255
189, 880, 255
189, 890, 255
189, 900, 255
189, 910, 255
189, 920, 255
189, 930, 255
189, 940, 255
189, 950, 255
189, 960, 254
189, 970, 254
189, 980, 254
189, 990, 254
189, 1000, 254
189, 1010, 254
189, 1020, 254
189, 1030, 254
189, 1040, 254
189, 1050, 254
189, 1060, 254
189, 1070, 254
189, 1080, 254
189, 1090, 253
189, 1100, 253
189, 1110, 253
189, 1120, 253
189, 1130, 253
189, 1140, 253
189, 1150, 253
189, 1160, 253
189, 1170, 253
189, 1180, 253
189, 1190, 253
189, 1200, 253
189, 1210, 252
189, 1220, 252
189, 1230, 252
189, 1240, 252
189, 1250, 252
189, 1260, 252
189, 1270, 252
189, 1280, 252
189, 1290, 252
189, 1300, 252
189, 1310, 252
189, 1320, 252
189, 1330, 252
189, 1340, 251
189, 1350, 251
189, 1360, 251
189, 1370, 251
189, 1380, 251
189, 1390, 251
189, 1400, 251
189, 1410, 251
189, 1420, 251
189, 1430, 251
189, 1440, 251
189, 1450, 250
189, 1460, 250
189, 1470, 250
189, 1480, 250
189, 1490, 250
189, 1500, 250
189, 1510, 250
189, 1520, 250
189, 1530, 250
189, 1540, 250
189, 1550, 250
189, 1560, 250
189, 1570, 250
189, 1580, 250
189, 1590, 249
189, 1600, 249
189, 1610, 249
189, 1620, 249
189, 1630, 249
189, 1640, 249
189, 1650, 249
189, 1660, 249
189, 1670, 249
189, 1680, 249
189, 1690, 249
189, 1700, 249
189, 1710, 249
189, 1720, 249
189, 1730, 249
189, 1740, 249
189, 1750, 248
189, 1760, 248
189, 1770, 248
189, 1780, 248
189, 1790, 248
189, 1800, 248
189, 1810, 248
189, 1820, 248
189, 1830, 248
189, 1840, 247
189, 1850, 247
189, 1860, 247
189, 1870, 247
189, 1880, 247
189, 1890, 247
189, 1900, 247
189, 1910, 247
189, 1920, 247
189, 1930, 247
189, 1940, 247
189, 1950, 247
189, 1960, 247
189, 1970, 247
189, 1980, 247
189, 1990, 246
189, 2000, 246
189, 2010, 246
189, 2020, 246
189, 2030, 246
189, 2040, 246
189, 2050, 246
189, 2060, 246
189, 2070, 246
189, 2080, 246
189, 2090, 246
189, 2100, 246
189, 2110, 246
189, 2120, 246
189, 2130, 246
189, 2140, 245
189, 2150, 245
189, 2160, 245
189, 2170, 245
189, 2180, 245
189, 2190, 245
189, 2200, 245
189, 2210, 245
189, 2220, 245
189, 2230, 245
189, 2240, 245
189, 2250, 245
189, 2260, 244
189, 2270, 244
189, 2280, 244
189, 2290, 244
189, 2300, 243
189, 2310, 243
189, 2320, 244
189, 2330, 244
189, 2340, 244
189, 2350, 244
189, 2360, 244
189, 2370, 243
189, 2380, 243
189, 2390, 243
189, 2400, 243
189, 2410, 243
189, 2420, 243
189, 2430, 242
189, 2440, 242
189, 2450, 242
189, 2460, 242
189, 2470, 242
189, 2480, 242
189, 2490, 242
189, 2500, 241
189, 2510, 241
189, 2520, 241
189, 2530, 241
189, 2540, 241
189, 2550, 241
189, 2560, 241
189, 2570, 241
189, 2580, 240
189, 2590, 240
189, 2600, 240
189, 2610, 240
189, 2620, 239
189, 2630, 239
189, 2640, 239
189, 2650, 239
189, 2660, 239
189, 2670, 238
189, 2680, 238
189, 2690, 238
189, 2700, 238
189, 2710, 238
189, 2720, 238
189, 2730, 238
189, 2740, 238
189, 2750, 238
189, 2760, 237
189, 2770, 237
189, 2780, 237
189, 2790, 237
189, 2800, 237
189, 2810, 236
189, 2820, 236
189, 2830, 236
189, 2840, 236
189, 2850, 235
189, 2860, 235
189, 2870, 235
189, 2880, 235
189, 2890, 235
189, 2900, 235
189, 2910, 235
189, 2920, 234
189, 2930, 234
189, 2940, 234
189, 2950, 234
189, 2960, 233
189, 2970, 233
189, 2980, 233
189, 2990, 233
189, 3000, 233
189, 3010, 233
189, 3020, 233
189, 3030, 233
189, 3040, 233
189, 3050, 232
189, 3060, 232
189, 3070, 232
189, 3080, 232
189, 3090, 232
189, 3100, 231
189, 3110, 231
189, 3120, 231
189, 3130, 231
189, 3140, 231
189, 3150, 231
189, 3160, 231
189, 3170, 231
189, 3180, 231
189, 3190, 231
189, 3200, 231
189, 3210, 231
189, 3220, 230
189, 3230, 230
189, 3240, 230
189, 3250, 230
189, 3260, 230
189, 3270, 230
189, 3280, 230
189, 3290, 230
189, 3300, 230
189, 3310, 230
189, 3320, 230
189, 3330, 230
189, 3340, 229
189, 3350, 229
189, 3360, 229
189, 3370, 229
189, 3380, 229
189, 3390, 229
189, 3400, 229
189, 3410, 229
189, 3420, 229
189, 3430, 229
189, 3440, 229
189, 3450, 228
189, 3460, 228
189, 3470, 228
189, 3480, 228
189, 3490, 228
189, 3500, 228
189, 3510, 228
189, 3520, 228
189, 3530, 228
189, 3540, 228
189, 3550, 228
189, 3560, 228
189, 3570, 227
189, 3580, 227
189, 3590, 227
189, 3600, 227
189, 3610, 227
189, 3620, 227
189, 3630, 227
189, 3640, 227
189, 3650, 227
189, 3660, 227
189, 3670, 226
189, 3680, 226
189, 3690, 226
189, 3700, 226
189, 3710, 226
189, 3720, 226
189, 3730, 226
189, 3740, 226
189, 3750, 225
189, 3760, 225
189, 3770, 225
189, 3780, 225
189, 3790, 225
189, 3800, 225
189, 3810, 225
189, 3820, 225
189, 3830, 225
189, 3840, 225
189, 3850, 225
189, 3860, 225
189, 3870, 225
189, 3880, 224
189, 3890, 224
189, 3900, 224
189, 3910, 224
189, 3920, 224
189, 3930, 224
189, 3940, 224
189, 3950, 224
189, 3960, 224
189, 3970, 224
189, 3980, 224
189, 3990, 223
189, 4000, 223
189, 4010, 223
189, 4020, 223
189, 4030, 223
189, 4040, 223
189, 4050, 223
189, 4060, 222
189, 4070, 222
189, 4080, 222
189, 4090, 222
189, 4100, 222
189, 4110, 222
189, 4120, 222
189, 4130, 222
189, 4140, 222
189, 4150, 222
189, 4160, 221
189, 4170, 221
189, 4180, 221
189, 4190, 221
189, 4200, 221
189, 4210, 220
189, 4220, 220
189, 4230, 220
189, 4240, 220
189, 4250, 220
189, 4260, 220
189, 4270, 220
189, 4280, 220
189, 4290, 220
189, 4300, 220
189, 4310, 219
189, 4320, 219
189, 4330, 219
189, 4340, 219
189, 4350, 219
189, 4360, 219
189, 4370, 219
189, 4380, 219
189, 4390, 219
189, 4400, 219
189, 4410, 218
189, 4420, 218
189, 4430, 218
189, 4440, 218
189, 4450, 218
189, 4460, 218
189, 4470, 218
189, 4480, 218
189, 4490, 218
189, 4500, 218
189, 4510, 218
189, 4520, 218
189, 4530, 218
189, 4540, 218
189, 4550, 218
189, 4560, 217
189, 4570, 217
189, 4580, 217
189, 4590, 217
189, 4600, 217
189, 4610, 217
189, 4620, 217
189, 4630, 217
189, 4640, 217
189, 4650, 217
189, 4660, 216
189, 4670, 216
189, 4680, 216
189, 4690, 216
189, 4700, 216
189, 4710, 216
189, 4720, 216
189, 4730, 216
189, 4740, 216
189, 4750, 216
189, 4760, 216
189, 4770, 216
189, 4780, 216
189, 4790, 215
189, 4800, 215
189, 4810, 215
189, 4820, 215
189, 4830, 215
189, 4840, 215
189, 4850, 215
189, 4860, 214
189, 4870, 214
189, 4880, 214
189, 4890, 214
189, 4900, 213
189, 4910, 213
189, 4920, 213
189, 4930, 213
189, 4940, 213
189, 4950, 213
189, 4960, 212
189, 4970, 212
189, 4980, 212
189, 4990, 212
189, 5000, 212
189, 5010, 212
189, 5020, 211
189, 5030, 211
189, 5040, 211
189, 5050, 211
189, 5060, 211
189, 5070, 211
189, 5080, 210
189, 5090, 210
189, 5100, 210
189, 5110, 210
189, 5120, 210
189, 5130, 210
189, 5140, 210
189, 5150, 210
189, 5160, 209
189, 5170, 209
189, 5180, 209
189, 5190, 209
189, 5200, 209
189, 5210, 209
189, 5220, 209
189, 5230, 209
189, 5240, 209
189, 5250, 209
189, 5260, 209
189, 5270, 209
189, 5280, 209
189, 5290, 209
189, 5300, 208
189, 5310, 208
189, 5320, 208
189, 5330, 208
189, 5340, 208
189, 5350, 208
189, 5360, 208
189, 5370, 207
189, 5380, 207
189, 5390, 207
189, 5400, 207
189, 5410, 207
189, 5420, 207
189, 5430, 207
189, 5440, 207
189, 5450, 207
189, 5460, 207
189, 5470, 207
189, 5480, 207
189, 5490, 206
189, 5500, 206
189, 5510, 206
189, 5520, 206
189, 5530, 206
189, 5540, 206
189, 5550, 206
189, 5560, 206
189, 5570, 206
189, 5580, 206
189, 5590, 206
189, 5600, 206
189, 5610, 205
189, 5620, 205
189, 5630, 205
189, 5640, 205
189, 5650, 205
189, 5660, 205
189, 5670, 205
189, 5680, 205
189, 5690, 205
189, 5700, 204
189, 5710, 204
189, 5720, 204
189, 5730, 204
189, 5740, 204
189, 5750, 204
189, 5760, 204
189, 5770, 204
189, 5780, 204
189, 5790, 204
189, 5800, 203
189, 5810, 203
189, 5820, 203
189, 5830, 203
189, 5840, 203
189, 5850, 203
189, 5860, 203
189, 5870, 203
189, 5880, 203
189, 5890, 202
189, 5900, 202
189, 5910, 202
189, 5920, 202
189, 5930, 202
189, 5940, 202
189, 5950, 202
189, 5960, 202
189, 5970, 202
189, 5980, 202
189, 5990, 202
189, 6000, 202
189, 6010, 202
189, 6020, 202
189, 6030, 201
189, 6040, 201
189, 6050, 201
189, 6060, 201
189, 6070, 201
189, 6080, 201
189, 6090, 201
189, 6100, 201
189, 6110, 201
189, 6120, 201
189, 6130, 200
189, 6140, 200
189, 6150, 200
189, 6160, 200
189, 6170, 200
189, 6180, 200
189, 6190, 200
189, 6200, 200
189, 6210, 200
189, 6220, 200
189, 6230, 200
189, 6240, 200
189, 6250, 199
189, 6260, 199
189, 6270, 199
189, 6280, 199
189, 6290, 199
189, 6300, 199
189, 6310, 199
189, 6320, 199
189, 6330, 199
189, 6340, 199
189, 6350, 199
189, 6360, 198
189, 6370, 198
189, 6380, 198
189, 6390, 198
189, 6400, 198
189, 6410, 198
189, 6420, 198
189, 6430, 198
189, 6440, 198
189, 6450, 198
189, 6460, 198
189, 6470, 198
189, 6480, 198
189, 6490, 198
189, 6500, 197
189, 6510, 197
189, 6520, 197
189, 6530, 197
189, 6540, 197
189, 6550, 197
189, 6560, 197
189, 6570, 197
189, 6580, 197
189, 6590, 197
189, 6600, 197
189, 6610, 197
189, 6620, 196
189, 6630, 196
189, 6640, 196
189, 6650, 196
189, 6660, 196
189, 6670, 196
189, 6680, 196
189, 6690, 196
189, 6700, 196
189, 6710, 196
189, 6720, 196
189, 6730, 196
189, 6740, 195
189, 6750, 195
189, 6760, 195
189, 6770, 195
189, 6780, 195
189, 6790, 195
189, 6800, 195
189, 6810, 195
189, 6820, 195
189, 6830, 195
189, 6840, 195
189, 6850, 195
189, 6860, 194
190, 6870, 194
190, 6880, 195
190, 6890, 195
190, 6900, 195
190, 6910, 195
190, 6920, 195
193, 6930, 195
197, 6940, 197
200, 6950, 201
201, 6960, 204
202, 6970, 205
205, 6980, 206
209, 6990, 209
212, 7000, 213
216, 7010, 215
221, 7020, 219
224, 7030, 224
228, 7040, 227
232, 7050, 230
235, 7060, 234
239, 7070, 237
242, 7080, 241
250, 7090, 243
254, 7100, 251
257, 7110, 255
259, 7120, 258
261, 7130, 260
264, 7140, 262
267, 7150, 265
267, 7160, 268
270, 7170, 267
274, 7180, 270
279, 7190, 274
285, 7200, 279
285, 7210, 285
286, 7215, 285
0, 0, 0
0, 10, 0
0, 20, 0
1, 30, 0
1, 40, 118
1, 50, 111
1, 60, 113
1, 70, 113
2, 80, 111
3, 90, 112
4, 100, 94
8, 110, 89
12, 120, 93
14, 130, 93
17, 140, 93
21, 150, 95
24, 160, 102
27, 170, 97
31, 180, 100
31, 190, 64
41, 200, 65
51, 210, 93
61, 220, 131
69, 230, 187
79, 240, 253
89, 250, 290
98, 260, 334
107, 270, 382
115, 280, 419
125, 290, 456
135, 300, 487
144, 310, 520
153, 320, 560
161, 330, 597
165, 340, 587
165, 350, 581
166, 360, 589
167, 370, 596
168, 380, 574
168, 390, 547
170, 400, 557
171, 410, 548
172, 420, 537
172, 430, 527
172, 440, 517
172, 450, 510
173, 460, 509
173, 470, 490
174, 480, 469
174, 490, 461
177, 500, 458
178, 510, 482
178, 520, 482
179, 530, 449
181, 540, 444
182, 550, 436
182, 560, 444
182, 570, 421
183, 580, 433
185, 590, 427
185, 600, 396
185, 610, 406
185, 620, 417
187, 630, 399
189, 640, 394
190, 650, 365
190, 660, 404
190, 670, 381
190, 680, 370
190, 690, 352
190, 700, 354
190, 710, 356
190, 720, 345
190, 730, 353
190, 740, 335
190, 750, 338
190, 760, 325
190, 770, 329
190, 780, 335
190, 790, 313
190, 800, 314
190, 810, 322
190, 820, 311
190, 830, 317
190, 840, 291
190, 850, 303
190, 860, 303
191, 870, 301
192, 880, 298
192, 890, 295
194, 900, 285
194, 910, 292
196, 920, 294
196, 930, 291
196, 940, 277
197, 950, 283
197, 960, 283
197, 970, 287
198, 980, 290
198, 990, 272
199, 1000, 277
202, 1010, 273
205, 1020, 274
206, 1030, 276
207, 1040, 283
207, 1050, 279
207, 1060, 283
209, 1070, 275
210, 1080, 277
220, 1090, 273
229, 1100, 293
229, 1110, 292
229, 1120, 290
230, 1130, 283
231, 1140, 290
231, 1150, 289
231, 1160, 293
231, 1170, 290
231, 1180, 286
231, 1190, 290
232, 1200, 277
232, 1210, 279
232, 1220, 291
232, 1230, 283
233, 1240, 280
234, 1250, 276
234, 1260, 285
236, 1270, 278
237, 1280, 283
238, 1290, 286
239, 1300, 285
239, 1310, 286
239, 1320, 281
239, 1330, 281
239, 1340, 278
241, 1350, 280
242, 1360, 283
242, 1370, 284
242, 1380, 279
242, 1390, 283
242, 1400, 279
242, 1410, 278
242, 1420, 281
242, 1430, 274
243, 1440, 273
243, 1450, 277
243, 1460, 277
244, 1470, 274
245, 1480, 274
247, 1490, 272
254, 1500, 277
254, 1510, 289
254, 1520, 280
254, 1530, 279
254, 1540, 282
254, 1550, 284
254, 1560, 279
254, 1570, 279
255, 1580, 273
255, 1590, 282
255, 1600, 276
255, 1610, 276
255, 1620, 277
255, 1630, 277
255, 1640, 280
255, 1650, 277
255, 1660, 272
255, 1670, 276
255, 1680, 276
255, 1690, 276
255, 1700, 273
256, 1710, 275
256, 1720, 271
256, 1730, 273
256, 1740, 271
256, 1750, 273
256, 1760, 272
256, 1770, 271
256, 1780, 274
256, 1790, 272
256, 1800, 275
256, 1810, 276
256, 1820, 272
257, 1830, 273
257, 1840, 273
257, 1850, 272
257, 1860, 273
258, 1870, 272
258, 1880, 272
258, 1890, 270
259, 1900, 270
259, 1910, 271
259, 1920, 271
259, 1930, 273
259, 1940, 269
259, 1950, 272
259, 1960, 272
260, 1970, 273
260, 1980, 274
260, 1990, 271
260, 2000, 272
260, 2010, 271
260, 2020, 272
260, 2030, 270
260, 2040, 273
262, 2050, 271
262, 2060, 271
262, 2070, 274
262, 2080, 274
262, 2090, 272
264, 2100, 272
264, 2110, 273
264, 2120, 274
264, 2130, 272
266, 2140, 274
266, 2150, 275
266, 2160, 276
266, 2170, 274
266, 2180, 276
266, 2190, 276
266, 2200, 275
266, 2210, 274
266, 2220, 274
266, 2230, 276
266, 2240, 275
266, 2250, 274
266, 2260, 273
266, 2270, 275
266, 2280, 274
266, 2290, 273
266, 2300, 273
266, 2310, 272
266, 2320, 273
266, 2330, 272
266, 2340, 274
266, 2350, 274
266, 2360, 274
266, 2370, 272
266, 2380, 273
266, 2390, 273
267, 2400, 272
267, 2410, 273
267, 2420, 273
267, 2430, 273
267, 2440, 274
267, 2450, 273
267, 2460, 273
267, 2470, 273
267, 2480, 273
267, 2490, 273
267, 2500, 273
267, 2510, 273
267, 2520, 273
267, 2530, 274
267, 2540, 272
268, 2550, 272
268, 2560, 274
268, 2570, 274
268, 2580, 274
268, 2590, 274
269, 2600, 273
269, 2610, 275
269, 2620, 274
269, 2630, 274
269, 2640, 275
269, 2650, 275
269, 2660, 274
269, 2670, 274
269, 2680, 274
269, 2690, 275
269, 2700, 273
269, 2710, 274
269, 2720, 273
269, 2730, 275
269, 2740, 273
269, 2750, 274
269, 2760, 273
269, 2770, 274
269, 2780, 274
269, 2790, 273
269, 2800, 273
269, 2810, 274
269, 2820, 274
269, 2830, 273
269, 2840, 274
269, 2850, 274
269, 2860, 273
269, 2870, 273
269, 2880, 273
269, 2890, 273
269, 2900, 273
269, 2910, 273
269, 2920, 273
269, 2930, 273
270, 2940, 273
270, 2950, 274
270, 2960, 273
270, 2970, 274
270, 2980, 274
270, 2990, 274
270, 3000, 273
270, 3010, 274
270, 3020, 273
270, 3030, 273
270, 3040, 273
271, 3050, 273
271, 3060, 274
271, 3070, 275
271, 3080, 274
271, 3090, 274
271, 3100, 274
271, 3110, 274
271, 3120, 274
271, 3130, 275
271, 3140, 274
271, 3150, 275
271, 3160, 274
271, 3170, 275
272, 3180, 274
272, 3190, 276
272, 3200, 275
272, 3210, 276
272, 3220, 275
272, 3230, 276
272, 3240, 276
272, 3250, 275
272, 3260, 275
273, 3270, 275
273, 3280, 276
273, 3290, 276
273, 3300, 277
273, 3310, 275
273, 3320, 276
273, 3330, 276
273, 3340, 276
273, 3350, 276
273, 3360, 276
273, 3370, 276
273, 3380, 276
273, 3390, 276
273, 3400, 275
273, 3410, 275
273, 3420, 276
273, 3430, 275
273, 3440, 275
273, 3450, 276
275, 3460, 276
277, 3470, 278
277, 3480, 279
277, 3490, 279
277, 3500, 279
277, 3510, 279
277, 3520, 280
277, 3530, 279
277, 3540, 279
277, 3550, 279
277, 3560, 279
277, 3570, 279
277, 3580, 279
277, 3590, 279
277, 3600, 279
277, 3610, 279
277, 3620, 288
277, 3630, 288
277, 3640, 287
277, 3650, 288
277, 3660, 286
277, 3670, 288
277, 3680, 287
277, 3690, 286
277, 3700, 285
277, 3710, 285
277, 3720, 283
277, 3730, 284
277, 3740, 284
277, 3750, 284
277, 3760, 283
277, 3770, 286
277, 3780, 284
277, 3790, 282
277, 3800, 283
277, 3810, 284
277, 3820, 285
277, 3830, 284
277, 3840, 282
277, 3850, 280
277, 3860, 280
277, 3870, 281
277, 3880, 281
277, 3890, 281
277, 3900, 281
279, 3910, 280
279, 3920, 282
279, 3930, 282
279, 3940, 282
279, 3950, 281
279, 3960, 281
279, 3970, 281
279, 3980, 281
280, 3990, 280
280, 4000, 283
280, 4010, 282
280, 4020, 282
280, 4030, 282
280, 4040, 282
280, 4050, 282
280, 4060, 282
280, 4070, 282
280, 4080, 282
280, 4090, 282
281, 4100, 282
281, 4110, 286
282, 4120, 284
282, 4130, 284
283, 4140, 284
283, 4150, 285
283, 4160, 285
283, 4170, 285
283, 4180, 285
283, 4190, 285
283, 4200, 285
283, 4210, 285
283, 4220, 285
283, 4230, 284
283, 4240, 284
283, 4250, 284
283, 4260, 284
283, 4270, 284
283, 4280, 284
283, 4290, 284
283, 4300, 284
283, 4310, 284
283, 4320, 284
283, 4330, 284
283, 4340, 284
283, 4350, 284
283, 4360, 284
283, 4370, 284
283, 4380, 284
283, 4390, 284
283, 4400, 284
283, 4410, 284
283, 4420, 284
283, 4430, 284
283, 4440, 284
283, 4450, 284
283, 4460, 284
283, 4470, 284
283, 4480, 284
283, 4490, 284
283, 4500, 284
283, 4510, 284
283, 4520, 284
283, 4530, 284
283, 4540, 283
284, 4550, 283
285, 4560, 284
285, 4570, 285
285, 4580, 285
285, 4590, 285
285, 4600, 285
285, 4610, 285
285, 4620, 285
285, 4630, 285
285, 4640, 285
285, 4650, 285
285, 4660, 285
285, 4670, 285
285, 4680, 285
285, 4690, 285
285, 4700, 286
285, 4710, 286
285, 4720, 285
285, 4730, 286
285, 4740, 286
285, 4750, 286
285, 4760, 286
285, 4770, 286
285, 4780, 286
285, 4790, 286
285, 4800, 286
285, 4810, 286
285, 4820, 286
285, 4830, 286
285, 4840, 286
285, 4850, 286
285, 4860, 285
285, 4870, 285
285, 4880, 285
285, 4890, 286
285, 4900, 286
285, 4910, 286
285, 4920, 286
285, 4930, 286
285, 4940, 286
285, 4950, 286
285, 4960, 286
285, 4970, 286
285, 4980, 287
285, 4990, 287
285, 5000, 287
285, 5010, 287
285, 5020, 288
285, 5030, 288
285, 5040, 288
285, 5050, 288
285, 5060, 288
285, 5070, 293
285, 5080, 291
285, 5090, 313
285, 5100, 297
285, 5110, 295
285, 5120, 291
285, 5130, 290
285, 5140, 290
285, 5150, 289
285, 5160, 289
285, 5170, 290
285, 5180, 289
285, 5190, 289
285, 5200, 288
285, 5210, 287
285, 5220, 288
285, 5230, 288
285, 5240, 288
285, 5250, 287
285, 5260, 288
285, 5270, 287
285, 5280, 287
285, 5290, 287
285, 5300, 288
285, 5310, 289
285, 5320, 290
285, 5330, 290
285, 5340, 290
285, 5350, 289
285, 5360, 289
285, 5370, 288
285, 5380, 288
285, 5390, 287
285, 5400, 287
285, 5410, 287
285, 5420, 287
285, 5430, 287
285, 5440, 286
285, 5450, 286
286, 5460, 286

------------------------------------------------------------
Sender: LSF System <lsfadmin@n2a1-11>
Subject: Job 248273: </share/tjmenzie/zyu9/miniconda2/bin/python2.7 runner.py exp_HPC 9> in cluster <henry2> Done

Job </share/tjmenzie/zyu9/miniconda2/bin/python2.7 runner.py exp_HPC 9> was submitted from host <login01> by user <zyu9> in cluster <henry2> at Sat Mar 16 09:20:05 2019.
Job was executed on host(s) <1*n2a1-11>, in queue <single_chassis>, as user <zyu9> in cluster <henry2> at Sat Mar 16 09:20:08 2019.
                            <1*n2a1-6>
</home/zyu9> was used as the home directory.
</home/zyu9/projects/Better-Est/src> was used as the working directory.
Started at Sat Mar 16 09:20:08 2019.
Terminated at Sat Mar 16 15:43:59 2019.
Results reported at Sat Mar 16 15:43:59 2019.

Your job looked like:

------------------------------------------------------------
# LSBATCH: User input
/share/tjmenzie/zyu9/miniconda2/bin/python2.7 runner.py exp_HPC 9
------------------------------------------------------------

Successfully completed.

Resource usage summary:

    CPU time :                                   23797.89 sec.
    Max Memory :                                 400.03 MB
    Average Memory :                             160.63 MB
    Total Requested Memory :                     -
    Delta Memory :                               -
    Max Swap :                                   1728 MB
    Max Processes :                              3
    Max Threads :                                15
    Run time :                                   23043 sec.
    Turnaround time :                            23034 sec.

The output (if any) is above this job summary.



PS:

Read file <./err/9.err.248273> for stderr output of this job.

