0, 0, 197
1, 10, 197
1, 20, 197
6, 30, 195
6, 40, 197
16, 50, 196
20, 60, 201
26, 70, 202
33, 80, 204
39, 90, 208
45, 100, 211
45, 110, 213
45, 120, 212
45, 130, 209
48, 140, 206
54, 150, 208
60, 160, 211
68, 170, 214
75, 180, 218
82, 190, 221
89, 200, 225
94, 210, 230
99, 220, 231
102, 230, 234
106, 240, 234
113, 250, 235
117, 260, 238
117, 270, 239
126, 280, 236
133, 290, 241
139, 300, 245
143, 310, 246
147, 320, 247
149, 330, 249
154, 340, 249
159, 350, 249
161, 360, 251
168, 370, 251
173, 380, 253
177, 390, 255
180, 400, 256
184, 410, 255
189, 420, 257
189, 430, 259
189, 440, 259
189, 450, 259
189, 460, 259
189, 470, 259
189, 480, 259
189, 490, 259
189, 500, 258
189, 510, 258
189, 520, 258
189, 530, 258
189, 540, 258
189, 550, 258
189, 560, 258
189, 570, 258
189, 580, 258
189, 590, 258
189, 600, 258
189, 610, 258
189, 620, 258
189, 630, 258
189, 640, 257
189, 650, 257
189, 660, 257
189, 670, 257
189, 680, 257
189, 690, 257
189, 700, 257
189, 710, 257
189, 720, 257
189, 730, 257
189, 740, 257
189, 750, 256
189, 760, 256
189, 770, 256
189, 780, 256
189, 790, 256
189, 800, 256
189, 810, 256
189, 820, 256
189, 830, 255
189, 840, 255
189, 850, 255
189, 860, 255
189, 870, 255
189, 880, 255
189, 890, 255
189, 900, 255
189, 910, 255
189, 920, 255
189, 930, 255
189, 940, 255
189, 950, 255
189, 960, 254
189, 970, 254
189, 980, 254
189, 990, 254
189, 1000, 254
189, 1010, 254
189, 1020, 254
189, 1030, 254
189, 1040, 254
189, 1050, 254
189, 1060, 254
189, 1070, 254
189, 1080, 254
189, 1090, 253
189, 1100, 253
189, 1110, 253
189, 1120, 253
189, 1130, 253
189, 1140, 253
189, 1150, 253
189, 1160, 253
189, 1170, 253
189, 1180, 253
189, 1190, 253
189, 1200, 253
189, 1210, 252
189, 1220, 252
189, 1230, 252
189, 1240, 252
189, 1250, 252
189, 1260, 252
189, 1270, 252
189, 1280, 252
189, 1290, 252
189, 1300, 252
189, 1310, 252
189, 1320, 252
189, 1330, 252
189, 1340, 251
189, 1350, 251
189, 1360, 251
189, 1370, 251
189, 1380, 251
189, 1390, 251
189, 1400, 251
189, 1410, 251
189, 1420, 251
189, 1430, 251
189, 1440, 251
189, 1450, 250
189, 1460, 250
189, 1470, 250
189, 1480, 250
189, 1490, 250
189, 1500, 250
189, 1510, 250
189, 1520, 250
189, 1530, 250
189, 1540, 250
189, 1550, 250
189, 1560, 250
189, 1570, 250
189, 1580, 250
189, 1590, 249
189, 1600, 249
189, 1610, 249
189, 1620, 249
189, 1630, 249
189, 1640, 249
189, 1650, 249
189, 1660, 249
189, 1670, 249
189, 1680, 249
189, 1690, 249
189, 1700, 249
189, 1710, 249
189, 1720, 249
189, 1730, 249
189, 1740, 249
189, 1750, 248
189, 1760, 248
189, 1770, 248
189, 1780, 248
189, 1790, 248
189, 1800, 248
189, 1810, 248
189, 1820, 248
189, 1830, 248
189, 1840, 247
189, 1850, 247
189, 1860, 247
189, 1870, 247
189, 1880, 247
189, 1890, 247
189, 1900, 247
189, 1910, 247
189, 1920, 247
189, 1930, 247
189, 1940, 247
189, 1950, 247
189, 1960, 247
189, 1970, 247
189, 1980, 247
189, 1990, 246
189, 2000, 246
189, 2010, 246
189, 2020, 246
189, 2030, 246
189, 2040, 246
189, 2050, 246
189, 2060, 246
189, 2070, 246
189, 2080, 246
189, 2090, 246
189, 2100, 246
189, 2110, 246
189, 2120, 246
189, 2130, 246
189, 2140, 245
189, 2150, 245
189, 2160, 245
189, 2170, 245
189, 2180, 245
189, 2190, 245
189, 2200, 245
189, 2210, 245
189, 2220, 245
189, 2230, 245
189, 2240, 245
189, 2250, 245
189, 2260, 244
189, 2270, 244
189, 2280, 244
189, 2290, 244
189, 2300, 243
189, 2310, 243
189, 2320, 244
189, 2330, 244
189, 2340, 244
189, 2350, 244
189, 2360, 244
189, 2370, 243
189, 2380, 243
189, 2390, 243
189, 2400, 243
189, 2410, 243
189, 2420, 243
189, 2430, 242
189, 2440, 242
189, 2450, 242
189, 2460, 242
189, 2470, 242
189, 2480, 242
189, 2490, 242
189, 2500, 241
189, 2510, 241
189, 2520, 241
189, 2530, 241
189, 2540, 241
189, 2550, 241
189, 2560, 241
189, 2570, 241
189, 2580, 240
189, 2590, 240
189, 2600, 240
189, 2610, 240
189, 2620, 239
189, 2630, 239
189, 2640, 239
189, 2650, 239
189, 2660, 239
189, 2670, 238
189, 2680, 238
189, 2690, 238
189, 2700, 238
189, 2710, 238
189, 2720, 238
189, 2730, 238
189, 2740, 238
189, 2750, 238
189, 2760, 237
189, 2770, 237
189, 2780, 237
189, 2790, 237
189, 2800, 237
189, 2810, 236
189, 2820, 236
189, 2830, 236
189, 2840, 236
189, 2850, 235
189, 2860, 235
189, 2870, 235
189, 2880, 235
189, 2890, 235
189, 2900, 235
189, 2910, 235
189, 2920, 234
189, 2930, 234
189, 2940, 234
189, 2950, 234
189, 2960, 233
189, 2970, 233
189, 2980, 233
189, 2990, 233
189, 3000, 233
189, 3010, 233
189, 3020, 233
189, 3030, 233
189, 3040, 233
189, 3050, 232
189, 3060, 232
189, 3070, 232
189, 3080, 232
189, 3090, 232
189, 3100, 231
189, 3110, 231
189, 3120, 231
189, 3130, 231
189, 3140, 231
189, 3150, 231
189, 3160, 231
189, 3170, 231
189, 3180, 231
189, 3190, 231
189, 3200, 231
189, 3210, 231
189, 3220, 230
189, 3230, 230
189, 3240, 230
189, 3250, 230
189, 3260, 230
189, 3270, 230
189, 3280, 230
189, 3290, 230
189, 3300, 230
189, 3310, 230
189, 3320, 230
189, 3330, 230
189, 3340, 229
189, 3350, 229
189, 3360, 229
189, 3370, 229
189, 3380, 229
189, 3390, 229
189, 3400, 229
189, 3410, 229
189, 3420, 229
189, 3430, 229
189, 3440, 229
189, 3450, 228
189, 3460, 228
189, 3470, 228
189, 3480, 228
189, 3490, 228
189, 3500, 228
189, 3510, 228
189, 3520, 228
189, 3530, 228
189, 3540, 228
189, 3550, 228
189, 3560, 228
189, 3570, 227
189, 3580, 227
189, 3590, 227
189, 3600, 227
189, 3610, 227
189, 3620, 227
189, 3630, 227
189, 3640, 227
189, 3650, 227
189, 3660, 227
189, 3670, 226
189, 3680, 226
189, 3690, 226
189, 3700, 226
189, 3710, 226
189, 3720, 226
189, 3730, 226
189, 3740, 226
189, 3750, 225
189, 3760, 225
189, 3770, 225
189, 3780, 225
189, 3790, 225
189, 3800, 225
189, 3810, 225
189, 3820, 225
189, 3830, 225
189, 3840, 225
189, 3850, 225
189, 3860, 225
189, 3870, 225
189, 3880, 224
189, 3890, 224
189, 3900, 224
189, 3910, 224
189, 3920, 224
189, 3930, 224
189, 3940, 224
189, 3950, 224
189, 3960, 224
189, 3970, 224
189, 3980, 224
189, 3990, 223
189, 4000, 223
189, 4010, 223
189, 4020, 223
189, 4030, 223
189, 4040, 223
189, 4050, 223
189, 4060, 222
189, 4070, 222
189, 4080, 222
189, 4090, 222
189, 4100, 222
189, 4110, 222
189, 4120, 222
189, 4130, 222
189, 4140, 222
189, 4150, 222
189, 4160, 221
189, 4170, 221
189, 4180, 221
189, 4190, 221
189, 4200, 221
189, 4210, 220
189, 4220, 220
189, 4230, 220
189, 4240, 220
189, 4250, 220
189, 4260, 220
189, 4270, 220
189, 4280, 220
189, 4290, 220
189, 4300, 220
189, 4310, 219
189, 4320, 219
189, 4330, 219
189, 4340, 219
189, 4350, 219
189, 4360, 219
189, 4370, 219
189, 4380, 219
189, 4390, 219
189, 4400, 219
189, 4410, 218
189, 4420, 218
189, 4430, 218
189, 4440, 218
189, 4450, 218
189, 4460, 218
189, 4470, 218
189, 4480, 218
189, 4490, 218
189, 4500, 218
189, 4510, 218
189, 4520, 218
189, 4530, 218
189, 4540, 218
189, 4550, 218
189, 4560, 217
189, 4570, 217
189, 4580, 217
189, 4590, 217
189, 4600, 217
189, 4610, 217
189, 4620, 217
189, 4630, 217
189, 4640, 217
189, 4650, 217
189, 4660, 216
189, 4670, 216
189, 4680, 216
189, 4690, 216
189, 4700, 216
189, 4710, 216
189, 4720, 216
189, 4730, 216
189, 4740, 216
189, 4750, 216
189, 4760, 216
189, 4770, 216
189, 4780, 216
189, 4790, 215
189, 4800, 215
189, 4810, 215
189, 4820, 215
189, 4830, 215
189, 4840, 215
189, 4850, 215
189, 4860, 214
189, 4870, 214
189, 4880, 214
189, 4890, 214
189, 4900, 213
189, 4910, 213
189, 4920, 213
189, 4930, 213
189, 4940, 213
189, 4950, 213
189, 4960, 212
189, 4970, 212
189, 4980, 212
189, 4990, 212
189, 5000, 212
189, 5010, 212
189, 5020, 211
189, 5030, 211
189, 5040, 211
189, 5050, 211
189, 5060, 211
189, 5070, 211
189, 5080, 210
189, 5090, 210
189, 5100, 210
189, 5110, 210
189, 5120, 210
189, 5130, 210
189, 5140, 210
189, 5150, 210
189, 5160, 209
189, 5170, 209
189, 5180, 209
189, 5190, 209
189, 5200, 209
189, 5210, 209
189, 5220, 209
189, 5230, 209
189, 5240, 209
189, 5250, 209
189, 5260, 209
189, 5270, 209
189, 5280, 209
189, 5290, 209
189, 5300, 208
189, 5310, 208
189, 5320, 208
189, 5330, 208
189, 5340, 208
189, 5350, 208
189, 5360, 208
189, 5370, 207
189, 5380, 207
189, 5390, 207
189, 5400, 207
189, 5410, 207
189, 5420, 207
189, 5430, 207
189, 5440, 207
189, 5450, 207
189, 5460, 207
189, 5470, 207
189, 5480, 207
189, 5490, 206
189, 5500, 206
189, 5510, 206
189, 5520, 206
189, 5530, 206
189, 5540, 206
189, 5550, 206
189, 5560, 206
189, 5570, 206
189, 5580, 206
189, 5590, 206
189, 5600, 206
189, 5610, 205
189, 5620, 205
189, 5630, 205
189, 5640, 205
189, 5650, 205
189, 5660, 205
189, 5670, 205
189, 5680, 205
189, 5690, 205
189, 5700, 204
189, 5710, 204
189, 5720, 204
189, 5730, 204
189, 5740, 204
189, 5750, 204
189, 5760, 204
189, 5770, 204
189, 5780, 204
189, 5790, 204
189, 5800, 203
189, 5810, 203
189, 5820, 203
189, 5830, 203
189, 5840, 203
189, 5850, 203
189, 5860, 203
189, 5870, 203
189, 5880, 203
189, 5890, 202
189, 5900, 202
189, 5910, 202
189, 5920, 202
189, 5930, 202
189, 5940, 202
189, 5950, 202
189, 5960, 202
189, 5970, 202
189, 5980, 202
189, 5990, 202
189, 6000, 202
189, 6010, 202
189, 6020, 202
189, 6030, 201
189, 6040, 201
189, 6050, 201
189, 6060, 201
189, 6070, 201
189, 6080, 201
189, 6090, 201
189, 6100, 201
189, 6110, 201
189, 6120, 201
189, 6130, 200
189, 6140, 200
189, 6150, 200
189, 6160, 200
189, 6170, 200
189, 6180, 200
189, 6190, 200
189, 6200, 200
189, 6210, 200
189, 6220, 200
189, 6230, 200
189, 6240, 200
189, 6250, 199
189, 6260, 199
189, 6270, 199
189, 6280, 199
189, 6290, 199
189, 6300, 199
189, 6310, 199
189, 6320, 199
189, 6330, 199
189, 6340, 199
189, 6350, 199
189, 6360, 198

------------------------------------------------------------
Sender: LSF System <lsfadmin@n2b1-8>
Subject: Job 137746: </share/tjmenzie/zyu9/miniconda2/bin/python2.7 runner.py exp_HPC 9> in cluster <henry2> Done

Job </share/tjmenzie/zyu9/miniconda2/bin/python2.7 runner.py exp_HPC 9> was submitted from host <login01> by user <zyu9> in cluster <henry2> at Wed Mar  6 10:48:08 2019.
Job was executed on host(s) <2*n2b1-8>, in queue <single_chassis>, as user <zyu9> in cluster <henry2> at Wed Mar  6 10:48:15 2019.
</home/zyu9> was used as the home directory.
</home/zyu9/projects/Better-Est/src> was used as the working directory.
Started at Wed Mar  6 10:48:15 2019.
Terminated at Wed Mar  6 17:04:00 2019.
Results reported at Wed Mar  6 17:04:00 2019.

Your job looked like:

------------------------------------------------------------
# LSBATCH: User input
/share/tjmenzie/zyu9/miniconda2/bin/python2.7 runner.py exp_HPC 9
------------------------------------------------------------

Successfully completed.

Resource usage summary:

    CPU time :                                   22704.24 sec.
    Max Memory :                                 401.30 MB
    Average Memory :                             161.18 MB
    Total Requested Memory :                     -
    Delta Memory :                               -
    Max Swap :                                   1457 MB
    Max Processes :                              3
    Max Threads :                                11
    Run time :                                   22546 sec.
    Turnaround time :                            22552 sec.

The output (if any) is above this job summary.



PS:

Read file <./err/9.err.137746> for stderr output of this job.

