0, 0, 197
4, 10, 197
4, 20, 196
12, 30, 192
22, 40, 195
32, 50, 199
41, 60, 204
51, 70, 208
60, 80, 213
68, 90, 218
75, 100, 221
84, 110, 223
92, 120, 227
99, 130, 230
106, 140, 232
113, 150, 235
120, 160, 237
125, 170, 239
132, 180, 241
137, 190, 245
142, 200, 247
145, 210, 248
150, 220, 248
154, 230, 251
160, 240, 253
161, 250, 256
171, 260, 255
174, 270, 263
174, 280, 264
176, 290, 262
178, 300, 262
179, 310, 263
180, 320, 262
182, 330, 262
182, 340, 262
182, 350, 261
182, 360, 260
185, 370, 258
185, 380, 260
187, 390, 259
187, 400, 260
189, 410, 259
190, 420, 260
198, 430, 260
207, 440, 268
207, 450, 276
207, 460, 275
207, 470, 275
207, 480, 274
207, 490, 273
207, 500, 272
207, 510, 271
207, 520, 270
207, 530, 269
207, 540, 268
207, 550, 267
207, 560, 266
207, 570, 266
207, 580, 265
207, 590, 264
207, 600, 263
207, 610, 262
208, 620, 261
208, 630, 261
210, 640, 260
210, 650, 262
212, 660, 261
212, 670, 262
212, 680, 262
212, 690, 261
212, 700, 260
214, 710, 260
215, 720, 261
218, 730, 261
219, 740, 264
219, 750, 264
219, 760, 264
219, 770, 263
221, 780, 262
227, 790, 264
227, 800, 270
227, 810, 269
227, 820, 269
227, 830, 268
227, 840, 267
227, 850, 267
227, 860, 266
227, 870, 266
227, 880, 265
227, 890, 265
228, 900, 264
229, 910, 265
230, 920, 265
230, 930, 266
230, 940, 266
232, 950, 265
232, 960, 267
232, 970, 267
233, 980, 266
234, 990, 267
234, 1000, 267
234, 1010, 267
234, 1020, 267
235, 1030, 266
236, 1040, 267
238, 1050, 268
238, 1060, 270
238, 1070, 269
238, 1080, 269
238, 1090, 269
240, 1100, 268
240, 1110, 270
240, 1120, 270
240, 1130, 269
240, 1140, 269
240, 1150, 269
241, 1160, 269
241, 1170, 269
241, 1180, 269
241, 1190, 269
241, 1200, 268
242, 1210, 268
242, 1220, 269
242, 1230, 269
243, 1240, 268
243, 1250, 269
243, 1260, 269
243, 1270, 269
243, 1280, 268
243, 1290, 268
244, 1300, 268
245, 1310, 269
245, 1320, 270
246, 1330, 269
246, 1340, 270
249, 1350, 270
249, 1360, 273
249, 1370, 273
249, 1380, 272
249, 1390, 272
249, 1400, 272
249, 1410, 272
249, 1420, 272
249, 1430, 271
249, 1440, 271
249, 1450, 271
249, 1460, 271
249, 1470, 271
249, 1480, 270
249, 1490, 270
249, 1500, 270
249, 1510, 270
250, 1520, 270
250, 1530, 270
251, 1540, 270
251, 1550, 271
251, 1560, 271
251, 1570, 271
251, 1580, 271
252, 1590, 270
252, 1600, 271
253, 1610, 271
253, 1620, 272
253, 1630, 272
253, 1640, 272
253, 1650, 272
254, 1660, 271
256, 1670, 272
256, 1680, 274
256, 1690, 274
256, 1700, 274
256, 1710, 274
256, 1720, 274
256, 1730, 273
256, 1740, 273
256, 1750, 273
260, 1760, 273
260, 1770, 277
260, 1780, 277
261, 1790, 277
261, 1800, 278
263, 1810, 278
263, 1820, 279
263, 1830, 279
263, 1840, 279
264, 1850, 279
264, 1860, 280
264, 1870, 280
264, 1880, 280
264, 1890, 280
264, 1900, 279
264, 1910, 279
264, 1920, 279
264, 1930, 279
264, 1940, 279
264, 1950, 279
264, 1960, 279
264, 1970, 279
264, 1980, 278
264, 1990, 278
264, 2000, 278
264, 2010, 278
264, 2020, 278
264, 2030, 278
266, 2040, 278
266, 2050, 280
267, 2060, 280
267, 2070, 281
267, 2080, 281
268, 2090, 280
268, 2100, 281
268, 2110, 281
268, 2120, 281
269, 2130, 281
269, 2140, 282
269, 2150, 282
269, 2160, 282
269, 2170, 282
269, 2180, 282
269, 2190, 281
269, 2200, 281
269, 2210, 281
269, 2220, 281
269, 2230, 281
269, 2240, 281
269, 2250, 281
269, 2260, 281
269, 2270, 281
269, 2280, 281
269, 2290, 281
271, 2300, 280
271, 2310, 282
271, 2320, 282
272, 2330, 282
272, 2340, 283
272, 2350, 283
272, 2360, 283
272, 2370, 283
272, 2380, 283
272, 2390, 283
272, 2400, 283
272, 2410, 283
273, 2420, 283
273, 2430, 284
273, 2440, 283
273, 2450, 283
273, 2460, 283
273, 2470, 283
274, 2480, 283
274, 2490, 284
274, 2500, 284
274, 2510, 284
274, 2520, 284
274, 2530, 284
274, 2540, 284
274, 2550, 284
274, 2560, 284
274, 2570, 284
275, 2580, 283
275, 2590, 284
275, 2600, 284
275, 2610, 284
275, 2620, 284
275, 2630, 284
275, 2640, 284
275, 2650, 284
275, 2660, 284
275, 2670, 284
275, 2680, 284
275, 2690, 284
275, 2700, 284
275, 2710, 284
275, 2720, 284
275, 2730, 284
277, 2740, 283
277, 2750, 285
277, 2760, 285
277, 2770, 285
277, 2780, 285
277, 2790, 285
277, 2800, 285
277, 2810, 285
277, 2820, 285
277, 2830, 285
277, 2840, 285
277, 2850, 285
277, 2860, 285
277, 2870, 285
277, 2880, 285
277, 2890, 285
277, 2900, 285
277, 2910, 285
277, 2920, 285
277, 2930, 284
277, 2940, 284
277, 2950, 284
277, 2960, 284
277, 2970, 284
277, 2980, 284
277, 2990, 284
277, 3000, 284
277, 3010, 284
277, 3020, 284
277, 3030, 284
277, 3040, 284
277, 3050, 284
277, 3060, 284
277, 3070, 284
277, 3080, 284
277, 3090, 284
277, 3100, 284
277, 3110, 284
277, 3120, 284
277, 3130, 284
277, 3140, 283
277, 3150, 283
277, 3160, 283
277, 3170, 283
277, 3180, 283
277, 3190, 283
277, 3200, 283
277, 3210, 283
277, 3220, 283
277, 3230, 283
277, 3240, 283
277, 3250, 283
277, 3260, 283
277, 3270, 283
277, 3280, 283
277, 3290, 283
277, 3300, 283
277, 3310, 283
277, 3320, 283
277, 3330, 283
277, 3340, 283
277, 3350, 283
277, 3360, 283
277, 3370, 283
277, 3380, 283
277, 3390, 282
277, 3400, 282
277, 3410, 282
277, 3420, 282
277, 3430, 282
277, 3440, 282
277, 3450, 282
277, 3460, 282
277, 3470, 282
277, 3480, 282
277, 3490, 282
277, 3500, 282
277, 3510, 282
277, 3520, 282
277, 3530, 282
277, 3540, 282
277, 3550, 282
277, 3560, 282
277, 3570, 282
277, 3580, 282
277, 3590, 282
277, 3600, 282
277, 3610, 282
277, 3620, 282
277, 3630, 282
277, 3640, 282
277, 3650, 282
277, 3660, 282
277, 3670, 282
277, 3680, 281
277, 3690, 281
277, 3700, 281
277, 3710, 281
277, 3720, 281
277, 3730, 281
277, 3740, 281
277, 3750, 281
277, 3760, 281
277, 3770, 281
277, 3780, 281
277, 3790, 281
277, 3800, 281
277, 3810, 281
277, 3820, 281
277, 3830, 281
277, 3840, 281
277, 3850, 281
277, 3860, 281
277, 3870, 281
277, 3880, 281
277, 3890, 281
277, 3900, 281
277, 3910, 281
277, 3920, 281
277, 3930, 281
277, 3940, 281
277, 3950, 281
277, 3960, 281
277, 3970, 281
277, 3980, 281
277, 3990, 281
277, 4000, 281
277, 4010, 281
277, 4020, 281
277, 4030, 281
277, 4040, 280
277, 4050, 280
277, 4060, 280
277, 4070, 280
277, 4080, 280
277, 4090, 280
277, 4100, 280
277, 4110, 280
277, 4120, 280
277, 4130, 280
277, 4140, 280
277, 4150, 280
277, 4160, 280
277, 4170, 280
277, 4180, 280
277, 4190, 280
277, 4200, 280
277, 4210, 280
277, 4220, 280
277, 4230, 280
277, 4240, 280
277, 4250, 280
277, 4260, 280
277, 4270, 280
277, 4280, 280
277, 4290, 280
277, 4300, 280
277, 4310, 280
277, 4320, 280
277, 4330, 280
277, 4340, 280
277, 4350, 280
277, 4360, 280
277, 4370, 280
277, 4380, 280
277, 4390, 280
277, 4400, 280
277, 4410, 280
277, 4420, 280
277, 4430, 280
277, 4440, 280
277, 4450, 279
277, 4460, 279
277, 4470, 279
278, 4480, 279
279, 4490, 280
279, 4500, 281
279, 4510, 281
279, 4520, 281
279, 4530, 281
279, 4540, 281
279, 4550, 281
281, 4560, 281
281, 4570, 283
281, 4580, 283
281, 4590, 283
281, 4600, 283
281, 4610, 283
281, 4620, 283
281, 4630, 283
281, 4640, 283
282, 4650, 283
282, 4660, 284
282, 4670, 284
282, 4680, 284
282, 4690, 284
282, 4700, 284
282, 4710, 284
283, 4720, 284
283, 4730, 285
283, 4740, 285
283, 4750, 285
283, 4760, 285
283, 4770, 285
283, 4780, 285
283, 4790, 285
283, 4800, 285
283, 4810, 285
283, 4820, 285
283, 4830, 285
283, 4840, 285
283, 4850, 285
283, 4860, 285
283, 4870, 285
283, 4880, 285
283, 4890, 285
283, 4900, 285
283, 4910, 285
283, 4920, 285
283, 4930, 285
283, 4940, 285
283, 4950, 285
283, 4960, 284
283, 4970, 284
283, 4980, 284
283, 4990, 284
283, 5000, 284
283, 5010, 284
283, 5020, 284
283, 5030, 284
283, 5040, 284
283, 5050, 284
283, 5060, 284
283, 5070, 284
283, 5080, 284
283, 5090, 284
283, 5100, 284
283, 5110, 284
283, 5120, 284
283, 5130, 284
283, 5140, 284
283, 5150, 284
283, 5160, 284
283, 5170, 284
283, 5180, 284
283, 5190, 284
283, 5200, 284
283, 5210, 284
284, 5220, 284
284, 5230, 285
284, 5240, 285
284, 5250, 285
284, 5260, 285
284, 5270, 285
284, 5280, 285
284, 5290, 285
284, 5300, 285
284, 5310, 285
284, 5320, 285
284, 5330, 285
284, 5340, 285
284, 5350, 285
284, 5360, 285
284, 5370, 285
284, 5380, 285
284, 5390, 285
284, 5400, 285
284, 5410, 285
284, 5420, 285
284, 5430, 285
284, 5440, 285
284, 5450, 285
284, 5460, 285
284, 5470, 285
284, 5480, 285
284, 5490, 285
284, 5500, 285
284, 5510, 285
284, 5520, 285
284, 5530, 285
284, 5540, 285
284, 5550, 285
284, 5560, 285
284, 5570, 285
284, 5580, 285
284, 5590, 285
284, 5600, 285
284, 5610, 285
284, 5620, 285
284, 5630, 285
284, 5640, 284
284, 5650, 284
284, 5660, 284
284, 5670, 284
284, 5680, 284
284, 5690, 284
284, 5700, 284
284, 5710, 284
284, 5720, 284
284, 5730, 284
284, 5740, 284
284, 5750, 284
284, 5760, 284
284, 5770, 284
284, 5780, 284
284, 5790, 284
284, 5800, 284
284, 5810, 284
284, 5820, 284
284, 5830, 284
284, 5840, 284
284, 5850, 284
284, 5860, 284
284, 5870, 284
284, 5880, 284
284, 5890, 284
284, 5900, 284
284, 5910, 284
284, 5920, 284
284, 5930, 284
284, 5940, 284
284, 5950, 284
284, 5960, 284
284, 5970, 284
284, 5980, 284
284, 5990, 284
284, 6000, 284
284, 6010, 284
284, 6020, 284
284, 6030, 284
284, 6040, 284
284, 6050, 284
284, 6060, 284
284, 6070, 284
284, 6080, 284
284, 6090, 284
284, 6100, 284
284, 6110, 284
284, 6120, 284
284, 6130, 284
284, 6140, 284
284, 6150, 284
284, 6160, 284
284, 6170, 284
284, 6180, 284
284, 6190, 284
284, 6200, 284
284, 6210, 284
284, 6220, 284
284, 6230, 284
284, 6240, 284
285, 6250, 284
285, 6260, 285
285, 6270, 285
285, 6280, 285
285, 6290, 285
285, 6300, 285
285, 6310, 285
285, 6320, 285
285, 6330, 285
285, 6340, 285
285, 6350, 285
285, 6360, 285
285, 6370, 285
285, 6380, 285
285, 6390, 285
285, 6400, 285
285, 6410, 285
285, 6420, 285
285, 6430, 285
285, 6440, 285
285, 6450, 285
285, 6460, 285
285, 6470, 285
285, 6480, 285
285, 6490, 285
285, 6500, 285
285, 6510, 285
285, 6520, 285
285, 6530, 285
285, 6540, 285
286, 6550, 285
0, 0, 0
0, 10, 0
0, 20, 0
1, 30, 0
1, 40, 118
1, 50, 111
1, 60, 113
1, 70, 113
2, 80, 111
3, 90, 112
4, 100, 94
8, 110, 89
12, 120, 93
14, 130, 93
17, 140, 93
21, 150, 95
24, 160, 102
27, 170, 97
31, 180, 100
31, 190, 64
41, 200, 65
51, 210, 93
61, 220, 131
69, 230, 187
79, 240, 253
89, 250, 290
98, 260, 334
107, 270, 382
115, 280, 419
125, 290, 456
135, 300, 487
144, 310, 520
153, 320, 560
161, 330, 597
165, 340, 587
165, 350, 581
166, 360, 589
167, 370, 596
168, 380, 574
168, 390, 547
170, 400, 557
171, 410, 548
172, 420, 537
172, 430, 527
172, 440, 517
172, 450, 510
173, 460, 509
173, 470, 490
174, 480, 469
174, 490, 461
177, 500, 458
178, 510, 482
178, 520, 482
179, 530, 449
181, 540, 444
182, 550, 436
182, 560, 444
182, 570, 421
183, 580, 433
185, 590, 427
185, 600, 396
185, 610, 406
185, 620, 417
187, 630, 399
189, 640, 394
190, 650, 365
190, 660, 404
190, 670, 381
190, 680, 370
190, 690, 352
190, 700, 354
190, 710, 356
190, 720, 345
190, 730, 353
190, 740, 335
190, 750, 338
190, 760, 325
190, 770, 329
190, 780, 335
190, 790, 313
190, 800, 314
190, 810, 322
190, 820, 311
190, 830, 317
190, 840, 291
190, 850, 303
190, 860, 303
191, 870, 301
192, 880, 298
192, 890, 295
194, 900, 285
194, 910, 292
196, 920, 294
196, 930, 291
196, 940, 277
197, 950, 283
197, 960, 283
197, 970, 287
198, 980, 290
198, 990, 272
199, 1000, 277
202, 1010, 273
205, 1020, 274
206, 1030, 276
207, 1040, 283
207, 1050, 279
207, 1060, 283
209, 1070, 275
210, 1080, 277
220, 1090, 273
229, 1100, 293
229, 1110, 292
229, 1120, 290
230, 1130, 283
231, 1140, 290
231, 1150, 289
231, 1160, 293
231, 1170, 290
231, 1180, 286
231, 1190, 290
232, 1200, 277
232, 1210, 279
232, 1220, 291
232, 1230, 283
233, 1240, 280
234, 1250, 276
234, 1260, 285
236, 1270, 278
237, 1280, 283
238, 1290, 286
239, 1300, 285
239, 1310, 286
239, 1320, 281
239, 1330, 281
239, 1340, 278
241, 1350, 280
242, 1360, 283
242, 1370, 284
242, 1380, 279
242, 1390, 283
242, 1400, 279
242, 1410, 278
242, 1420, 281
242, 1430, 274
243, 1440, 273
243, 1450, 277
243, 1460, 277
244, 1470, 274
245, 1480, 274
247, 1490, 272
254, 1500, 277
254, 1510, 289
254, 1520, 280
254, 1530, 279
254, 1540, 282
254, 1550, 284
254, 1560, 279
254, 1570, 279
255, 1580, 273
255, 1590, 282
255, 1600, 276
255, 1610, 276
255, 1620, 277
255, 1630, 277
255, 1640, 280
255, 1650, 277
255, 1660, 272
255, 1670, 276
255, 1680, 276
255, 1690, 276
255, 1700, 273
256, 1710, 275
256, 1720, 271
256, 1730, 273
256, 1740, 271
256, 1750, 273
256, 1760, 272
256, 1770, 271
256, 1780, 274
256, 1790, 272
256, 1800, 275
256, 1810, 276
256, 1820, 272
257, 1830, 273
257, 1840, 273
257, 1850, 272
257, 1860, 273
258, 1870, 272
258, 1880, 272
258, 1890, 270
259, 1900, 270
259, 1910, 271
259, 1920, 271
259, 1930, 273
259, 1940, 269
259, 1950, 272
259, 1960, 272
260, 1970, 273
260, 1980, 274
260, 1990, 271
260, 2000, 272
260, 2010, 271
260, 2020, 272
260, 2030, 270
260, 2040, 273
262, 2050, 271
262, 2060, 271
262, 2070, 274
262, 2080, 274
262, 2090, 272
264, 2100, 272
264, 2110, 273
264, 2120, 274
264, 2130, 272
266, 2140, 274
266, 2150, 275
266, 2160, 276
266, 2170, 274
266, 2180, 276
266, 2190, 276
266, 2200, 275
266, 2210, 274
266, 2220, 274
266, 2230, 276
266, 2240, 275
266, 2250, 274
266, 2260, 273
266, 2270, 275
266, 2280, 274
266, 2290, 273
266, 2300, 273
266, 2310, 272
266, 2320, 273
266, 2330, 272
266, 2340, 274
266, 2350, 274
266, 2360, 274
266, 2370, 272
266, 2380, 273
266, 2390, 273
267, 2400, 272
267, 2410, 273
267, 2420, 273
267, 2430, 273
267, 2440, 274
267, 2450, 273
267, 2460, 273
267, 2470, 273
267, 2480, 273
267, 2490, 273
267, 2500, 273
267, 2510, 273
267, 2520, 273
267, 2530, 274
267, 2540, 272
268, 2550, 272
268, 2560, 274
268, 2570, 274
268, 2580, 274
268, 2590, 274
269, 2600, 273
269, 2610, 275
269, 2620, 274
269, 2630, 274
269, 2640, 275
269, 2650, 275
269, 2660, 274
269, 2670, 274
269, 2680, 274
269, 2690, 275
269, 2700, 273
269, 2710, 274
269, 2720, 273
269, 2730, 275
269, 2740, 273
269, 2750, 274
269, 2760, 273
269, 2770, 274
269, 2780, 274
269, 2790, 273
269, 2800, 273
269, 2810, 274
269, 2820, 274
269, 2830, 273
269, 2840, 274
269, 2850, 274
269, 2860, 273
269, 2870, 273
269, 2880, 273
269, 2890, 273
269, 2900, 273
269, 2910, 273
269, 2920, 273
269, 2930, 273
270, 2940, 273
270, 2950, 274
270, 2960, 273
270, 2970, 274
270, 2980, 274
270, 2990, 274
270, 3000, 273
270, 3010, 274
270, 3020, 273
270, 3030, 273
270, 3040, 273
271, 3050, 273
271, 3060, 274
271, 3070, 275
271, 3080, 274
271, 3090, 274
271, 3100, 274
271, 3110, 274
271, 3120, 274
271, 3130, 275
271, 3140, 274
271, 3150, 275
271, 3160, 274
271, 3170, 275
272, 3180, 274
272, 3190, 276
272, 3200, 275
272, 3210, 276
272, 3220, 275
272, 3230, 276
272, 3240, 276
272, 3250, 275
272, 3260, 275
273, 3270, 275
273, 3280, 276
273, 3290, 276
273, 3300, 277
273, 3310, 275
273, 3320, 276
273, 3330, 276
273, 3340, 276
273, 3350, 276
273, 3360, 276
273, 3370, 276
273, 3380, 276
273, 3390, 276
273, 3400, 275
273, 3410, 275
273, 3420, 276
273, 3430, 275
273, 3440, 275
273, 3450, 276
275, 3460, 276
277, 3470, 278
277, 3480, 279
277, 3490, 279
277, 3500, 279
277, 3510, 279
277, 3520, 280
277, 3530, 279
277, 3540, 279
277, 3550, 279
277, 3560, 279
277, 3570, 279
277, 3580, 279
277, 3590, 279
277, 3600, 279
277, 3610, 279
277, 3620, 288
277, 3630, 288
277, 3640, 287
277, 3650, 288
277, 3660, 286
277, 3670, 288
277, 3680, 287
277, 3690, 286
277, 3700, 285
277, 3710, 285
277, 3720, 283
277, 3730, 284
277, 3740, 284
277, 3750, 284
277, 3760, 283
277, 3770, 286
277, 3780, 284
277, 3790, 282
277, 3800, 283
277, 3810, 284
277, 3820, 285
277, 3830, 284
277, 3840, 282
277, 3850, 280
277, 3860, 280
277, 3870, 281
277, 3880, 281
277, 3890, 281
277, 3900, 281
279, 3910, 280
279, 3920, 282
279, 3930, 282
279, 3940, 282
279, 3950, 281
279, 3960, 281
279, 3970, 281
279, 3980, 281
280, 3990, 280
280, 4000, 283
280, 4010, 282
280, 4020, 282
280, 4030, 282
280, 4040, 282
280, 4050, 282
280, 4060, 282
280, 4070, 282
280, 4080, 282
280, 4090, 282
281, 4100, 282
281, 4110, 286
282, 4120, 284
282, 4130, 284
283, 4140, 284
283, 4150, 285
283, 4160, 285
283, 4170, 285
283, 4180, 285
283, 4190, 285
283, 4200, 285
283, 4210, 285
283, 4220, 285
283, 4230, 284
283, 4240, 284
283, 4250, 284
283, 4260, 284
283, 4270, 284
283, 4280, 284
283, 4290, 284
283, 4300, 284
283, 4310, 284
283, 4320, 284
283, 4330, 284
283, 4340, 284
283, 4350, 284
283, 4360, 284
283, 4370, 284
283, 4380, 284
283, 4390, 284
283, 4400, 284
283, 4410, 284
283, 4420, 284
283, 4430, 284
283, 4440, 284
283, 4450, 284
283, 4460, 284
283, 4470, 284
283, 4480, 284
283, 4490, 284
283, 4500, 284
283, 4510, 284
283, 4520, 284
283, 4530, 284
283, 4540, 283
284, 4550, 283
285, 4560, 284
285, 4570, 285
285, 4580, 285
285, 4590, 285
285, 4600, 285
285, 4610, 285
285, 4620, 285
285, 4630, 285
285, 4640, 285
285, 4650, 285
285, 4660, 285
285, 4670, 285
285, 4680, 285
285, 4690, 285
285, 4700, 286
285, 4710, 286
285, 4720, 285
285, 4730, 286
285, 4740, 286
285, 4750, 286
285, 4760, 286
285, 4770, 286
285, 4780, 286
285, 4790, 286
285, 4800, 286
285, 4810, 286
285, 4820, 286
285, 4830, 286
285, 4840, 286
285, 4850, 286
285, 4860, 285
285, 4870, 285
285, 4880, 285
285, 4890, 286
285, 4900, 286
285, 4910, 286
285, 4920, 286
285, 4930, 286
285, 4940, 286
285, 4950, 286
285, 4960, 286
285, 4970, 286
285, 4980, 287
285, 4990, 287
285, 5000, 287
285, 5010, 287
285, 5020, 288
285, 5030, 288
285, 5040, 288
285, 5050, 288
285, 5060, 288
285, 5070, 293
285, 5080, 291
285, 5090, 313
285, 5100, 297
285, 5110, 295
285, 5120, 291
285, 5130, 290
285, 5140, 290
285, 5150, 289
285, 5160, 289
285, 5170, 290
285, 5180, 289
285, 5190, 289
285, 5200, 288
285, 5210, 287
285, 5220, 288
285, 5230, 288
285, 5240, 288
285, 5250, 287
285, 5260, 288
285, 5270, 287
285, 5280, 287
285, 5290, 287
285, 5300, 288
285, 5310, 289
285, 5320, 290
285, 5330, 290
285, 5340, 290
285, 5350, 289
285, 5360, 289
285, 5370, 288
285, 5380, 288
285, 5390, 287
285, 5400, 287
285, 5410, 287
285, 5420, 287
285, 5430, 287
285, 5440, 286
285, 5450, 286
286, 5460, 286

------------------------------------------------------------
Sender: LSF System <lsfadmin@n2c3-5>
Subject: Job 287951: </share/tjmenzie/zyu9/miniconda2/bin/python2.7 runner.py exp_HPC 9> in cluster <henry2> Done

Job </share/tjmenzie/zyu9/miniconda2/bin/python2.7 runner.py exp_HPC 9> was submitted from host <login01> by user <zyu9> in cluster <henry2> at Mon Mar 18 10:59:50 2019.
Job was executed on host(s) <2*n2c3-5>, in queue <single_chassis>, as user <zyu9> in cluster <henry2> at Mon Mar 18 10:59:57 2019.
</home/zyu9> was used as the home directory.
</home/zyu9/projects/Better-Est/src> was used as the working directory.
Started at Mon Mar 18 10:59:57 2019.
Terminated at Mon Mar 18 16:28:04 2019.
Results reported at Mon Mar 18 16:28:04 2019.

Your job looked like:

------------------------------------------------------------
# LSBATCH: User input
/share/tjmenzie/zyu9/miniconda2/bin/python2.7 runner.py exp_HPC 9
------------------------------------------------------------

Successfully completed.

Resource usage summary:

    CPU time :                                   21560.39 sec.
    Max Memory :                                 400.28 MB
    Average Memory :                             163.21 MB
    Total Requested Memory :                     -
    Delta Memory :                               -
    Max Swap :                                   1726 MB
    Max Processes :                              3
    Max Threads :                                15
    Run time :                                   19697 sec.
    Turnaround time :                            19694 sec.

The output (if any) is above this job summary.



PS:

Read file <./err/9.err.287951> for stderr output of this job.

