svm_linear
0.8756123821339026 0.8768494860416324 0.8768308561437789 0.8768308561784819 0.8768308561784819 0.8768494837719082 0.8768494837372098 0.8768308561437832 0.8768308561784816 0.8768308561784816 0.9037302070342393 0.9043703971070405 0.9043703968945869 0.9043604410917144 0.9043471666911884 0.9043604410994238 0.904360441095019 0.904367078296934 0.9043504852899434 0.9043604410983223 0.8941843902173129 0.8947163068208311 0.8947170555263315 0.8947148092902933 0.894711065563824 0.8947148092907419 0.8947185530170991 0.8947163067808356 0.8947140605450217 0.8947148092905176 0.9765618368559545 0.977334133227657 0.9773341326423498 0.9773341326423506 0.9773341326423506 0.9773341326423506 0.9773341326423506 0.9773341326423506 0.9773341326423506 0.9773341326423506 0.8243932889434028 0.8255304354448727 0.825530432954189 0.8255304329541947 0.8255304329541947 0.8255304329541941 0.8255304329541941 0.8255304329541941 0.8255304329541941 0.8255304329541941 0.8650892000548221 0.8667589420705035 0.8667732174558697 0.8667732174456795 0.8667732174456798 0.8667732174456798 0.866780355734318 0.8667732174405841 0.8667732174456791 0.8667803557343173 0.834951665738229 0.8354471051850471 0.8354357518198744 0.8354471050018499 0.8354357518198747 0.8354471050018499 0.8354357518198747 0.8354357518241711 0.8354357518241711 0.8354357518241711 0.8735758820413515 0.874709235083795 0.8747092338535903 0.8747092338535919 0.8747092338535919 0.8747092338535919 0.8747092338535919 0.8747200884112035 0.8747092338418098 0.8747092338535919 0.9111564794247019 0.9121772135717717 0.9121739301714308 0.9121772132377358 0.912173930171431 0.9121739301725086 0.9121739301725086 0.9121772132377358 0.9121772132366583 0.9121772132366583 0.916950166950167 0.9176233386397962 0.9176184921548741 0.9176475691093765 0.9176427229365932 0.9176427229389414 0.9176330306215569 0.9176330306262543 0.9176233383088697 0.9176475691070287

svm
0.8387856299293268 0.83998554724958 0.8399482898275694 0.8400228002706779 0.8400041725384562 0.8399855449797282 0.8400041726078541 0.8400041725731549 0.8399482897928748 0.8400041726772507 0.9212457828878333 0.9218660555421688 0.921866055336325 0.9218594181344101 0.9218660553385275 0.921866055336325 0.921866055336325 0.921866055336325 0.921866055336325 0.921866055336325 0.8972190550294872 0.8977479764244765 0.8977487251302012 0.8977479763848177 0.8977479763848735 0.897748725130201 0.8977479763848177 0.8977479763848735 0.8977479763848735 0.8977479763848735 0.9732499060230153 0.9740222049047604 0.9740222043194513 0.9740222043194516 0.974022204319452 0.974022204319452 0.974022204319452 0.974022204319452 0.974022204319452 0.974022204319452 0.8479389346416681 0.8490760295712838 0.8490760270807132 0.8490760270807187 0.8490760270807187 0.8490760270807187 0.8490760270807187 0.8490760270807187 0.8490760270807187 0.8490760270807187 0.8521688976198091 0.8538743403015658 0.8538743390841718 0.853902892238725 0.8538529241978761 0.8539100305426499 0.8538457859041423 0.8538743391045543 0.8538743390841728 0.8538529242182584 0.6467538237502422 0.6472379812408328 0.6472379810576084 0.6472379810576088 0.6472379810576088 0.6472379810576088 0.6472379810576088 0.6472379810576081 0.6472379810576081 0.6472379810576081 0.8576956642555076 0.8588290345352249 0.8588290333050016 0.8588290333050032 0.8588073241897799 0.8587856150981203 0.858807324236908 0.858829033328567 0.8588073241897793 0.858829033328567 0.8906537370803176 0.8916744779585714 0.8916744776234555 0.8916744776234555 0.8916744776234555 0.8916744776234555 0.8916744776234555 0.8916744776234555 0.8916744776234555 0.8916744776234555 0.8812824389747467 0.8819750125842921 0.8819750122486602 0.8819750122486604 0.8819750122486604 0.8819750122486604 0.8819750122486604 0.8819750122486604 0.8819750122486604 0.8819750122486595

nbm
0.7836293257928835 0.7848479734494842 0.7848479711794367 0.7848479711794409 0.7848479711794409 0.7848479711794414 0.7848479711794414 0.7848479711794414 0.7848479711794414 0.7848479711794414 0.8837854152797681 0.8844057003657048 0.8844057001598569 0.8844057001598569 0.8844057001598569 0.8844057001598569 0.8844057001598574 0.8844057001598574 0.8844057001598574 0.8844057001598574 0.7507487453274548 0.7512776776893401 0.7512776776497365 0.7512776776497365 0.7512776776497365 0.7512776776497365 0.7512776776497372 0.7512776776497372 0.7512776776497372 0.7512776776497372 0.9483156899123286 0.9490880076911903 0.9490880071058668 0.9490880071058672 0.9490880071058672 0.9490880071058672 0.9490880071058672 0.9490880071058672 0.9490880071058672 0.9490880071058672 0.8754271070615034 0.8765641417839779 0.876564139293539 0.8765641392935446 0.8765641392935446 0.8765641392935446 0.8765641392935442 0.8765641392935442 0.8765641392935442 0.8765641392935442 0.8158135935858194 0.8174976473531272 0.8174976461510011 0.817497646151002 0.8174976461510017 0.8174976461510017 0.8174976461510017 0.8174976461510017 0.8174976461510017 0.8174976461510017 0.7193536106132532 0.7198377406292344 0.7198377404460206 0.7198377404460209 0.7198377404460209 0.7198377404460209 0.7198377404460209 0.7198377404460209 0.7198377404460209 0.7198377404460209 0.8732393907553904 0.8743727441630801 0.8743727429328751 0.8743727429328764 0.8743727429328764 0.8743727429328764 0.8743727429328764 0.8743727429328764 0.8743727429328764 0.8743727429328764 0.8548880244942931 0.8559087771146636 0.8559087767795437 0.8559087767795437 0.8559087767795437 0.8559087767795437 0.8559087767795437 0.8559087767795437 0.8559087767795437 0.8559087767795437 0.6996144880760266 0.700307149724744 0.700307149389069 0.7003071493890693 0.7003071493890693 0.7003071493890693 0.7003071493890693 0.7003071493890693 0.7003071493890693 0.7003071493890693

boost_dt
0.6984080858657546 0.694262145362128 0.7065377371532094 0.6805149662696436 0.694727868528371 0.7068916605607869 0.7001484490821056 0.7143054326473735 0.7032778709677174 0.7032406363225572 0.8481602340011907 0.8493480116734332 0.851100232584808 0.8376532609235957 0.8498059820924109 0.8485681399022663 0.8398800430063665 0.8536157352526212 0.845229626074734 0.8490261083531092 0.8787265429320088 0.8866785268880031 0.8786399964570474 0.8767516613430877 0.8809146855051245 0.8800244269990761 0.8803403975939195 0.8828456994359255 0.8796163606510297 0.8837546763176671 0.9392059854244728 0.9437904410203585 0.9440405375859124 0.9354461905667284 0.9455487229390311 0.9405542932713066 0.9456245069586222 0.9497852583271899 0.9397130444713805 0.949512426400072 0.6266755738566672 0.6090642485641014 0.5709093896437522 0.6210233684304592 0.5840730221145779 0.6247030312050508 0.6477010147559334 0.6133790789797293 0.5804152501772408 0.664632073735653 0.7873532367856001 0.7863176228976051 0.794455272684323 0.7814421666881249 0.7793221042517315 0.7989523995199469 0.7924137131147496 0.7948050444760258 0.7914643236863805 0.7831910495394925 0.5359278876428987 0.5142809593859416 0.4974744802208878 0.5011869756820685 0.5370932908824233 0.5408701010685266 0.4799981453183657 0.5410366359481926 0.5226974465051 0.5380923623777472 0.8212894780260335 0.8160621170626287 0.8329518143804251 0.8351986894730172 0.5700326991391367 0.8520235391581432 0.8315732465292127 0.8119916467956836 0.5918938033592175 0.8353400603797756 0.8957293559216977 0.8976660703320046 0.8953121119282065 0.8934801623042024 0.8962280885008792 0.8929712868932524 0.8930369492670267 0.8965826596909354 0.8991401663389098 0.897807241016986 0.7082648813418045 0.720772473690262 0.7451728766446779 0.7137600641762855 0.7088896899136589 0.7123934650084617 0.7007675286076189 0.7499705834447813 0.7089672109045436 0.7164303151615891

dt
0.6442576717743527 0.6175538165001885 0.6100096909052332 0.623645103346464 0.6108851764496859 0.6091528340296768 0.6290657346297506 0.6170508997765903 0.6300343547757421 0.6173861946539654 0.7351021365816685 0.7332401574934552 0.7213296992749663 0.7291450084824436 0.7320388259237794 0.7361372971459282 0.7363065444346408 0.7384404047941359 0.7225940845140123 0.7362999117271771 0.8464264182509369 0.8486430154170843 0.8472990173883362 0.8511745233038734 0.8551174159080734 0.843398053747529 0.8462545180492512 0.8418661214711624 0.8450707518012477 0.8415014825853255 0.9023882280184801 0.8929595304877799 0.8977644899175349 0.8979236408468766 0.902933220315671 0.9027210104244574 0.8977417461522411 0.907427442384722 0.884115079799008 0.9071849314611606 0.43874846679516377 0.48327615483514375 0.43968923410689753 0.4498741902723976 0.4575401921451937 0.43232990726258946 0.4311472044640199 0.4488885773015502 0.4831885209204102 0.47458059578473555 0.7071188724930331 0.710573299432026 0.7200957740094203 0.7108302685597117 0.7074895560910529 0.7213806681655486 0.700929461301433 0.7136998742737071 0.7108802411457571 0.7061618343686895 0.4172909652925789 0.410062617584496 0.4177108776829006 0.39554190317447036 0.4248709539008373 0.40273224632802096 0.4100701918792061 0.4137296967073544 0.41764654162162074 0.42137416681052065 0.529801187922785 0.5048405576190441 0.530826395634994 0.5209812836747498 0.4999125980369708 0.5359280430615516 0.5010957285925952 0.5322266376317429 0.5051879008298983 0.5225552223578913 0.745082624902575 0.7657328605667015 0.7504436190236361 0.7629783670809615 0.7565796688377465 0.7629685158707743 0.7629127016644109 0.7585921878436297 0.7646001986280109 0.755492973715058 0.6477024361639746 0.623054559167994 0.6464275944857696 0.6133913193533315 0.6556643776362768 0.6422404975723764 0.6460302001751895 0.5993229208621313 0.5930132448798294 0.5971324828260638

boost_nbm
0.29223341119667384 0.2934529742056054 0.29345297193385306 0.2934529719338574 0.2934529719338574 0.29345297193385694 0.29345297193385694 0.29345297193385694 0.29345297193385694 0.29345297193385783 0.48112960530551374 0.4817500240168461 0.4817500238109541 0.4817500238109538 0.4817500238109538 0.4817500238109538 0.48175002381095444 0.48175002381095444 0.48175002381095444 0.48175002381095444 0.39624254137342046 0.3967715002787921 0.39677150023918656 0.3967715002391869 0.3967715002391869 0.3967715002391869 0.3967715002391862 0.3967715002391862 0.3967715002391862 0.3967715002391862 0.7211945384214291 0.7219670283306212 0.7219670277451674 0.7219670277451682 0.7219670277451682 0.7219670277451682 0.7219670277451682 0.7219670277451674 0.7219670277451674 0.7219670277451674 0.37157219204485714 0.37271033035703505 0.3727103278641791 0.3727103278641847 0.3727103278641847 0.3727103278641841 0.3727103278641841 0.3727103278641841 0.3727103278641841 0.3727103278641841 0.5698495819818175 0.5715338113253362 0.5715338101230847 0.5715338101230854 0.5715338101230854 0.5715338101230854 0.5715338101230854 0.5715338101230854 0.5715338101230854 0.5715338101230854 0.26101447454466187 0.26149877801416477 0.26149877783088527 0.26149877783088527 0.2614987778308856 0.2614987778308856 0.2614987778308856 0.26149877783088493 0.26149877783088493 0.26149877783088493 0.34016121188964826 0.34129514393011845 0.34129514269928557 0.3412951426992868 0.3412951426992868 0.3412951426992868 0.3412951426992868 0.3412951426992868 0.3412951426992868 0.3412951426992868 0.488494662064247 0.4895155349739481 0.4895155346387891 0.4895155346387888 0.4895155346387888 0.4895155346387888 0.4895155346387888 0.4895155346387888 0.4895155346387888 0.4895155346387888 0.3694020809405425 0.37009490261543254 0.3700949022796801 0.37009490227968067 0.37009490227968067 0.3700949022796801 0.3700949022796801 0.3700949022796801 0.3700949022796801 0.3700949022796801

