ros@50
1.0 0.8877005347593583 0.9922151450813871 0.9803921568627451 0.9230769230769231 1.0 0.7109375 0.9473684210526315 0.9839228295819936 0.9685314685314685

ros@10
0.816793893129771 0.8770053475935828 0.9759377211606511 0.9803921568627451 0.49038461538461536 0.9322033898305084 0.7109375 0.5645933014354066 0.9790996784565916 0.7237762237762237

cormack@6
0.7175572519083969 0.8181818181818182 0.910828025477707 0.946078431372549 0.5192307692307693 0.8834745762711864 0.5625 0.5645933014354066 0.9453376205787781 0.6223776223776224

cormack@12
0.8625954198473282 0.8181818181818182 0.9716914366595896 0.946078431372549 0.5192307692307693 0.9322033898305084 0.7109375 0.5645933014354066 0.9694533762057878 0.7237762237762237

target@90
.85 .89 .79 .98 .78 .78 .80 .61 .85 .85

target@95
.87 .93 .90 .98 .83 .85 .86 .66 .94 .91