ros@50
0.9468033186920449 0.21099664887675312 0.4612780363944139 0.17934446505875076 0.724373576309795 1.0 0.12013175741135439 0.40607985480943737 0.5288952419848887 0.4407484407484408

ros@10
0.18789653489507077 0.12287451905175624 0.27824798984341936 0.11750154607297464 0.0683371298405467 0.4110512129380054 0.08137957760124007 0.07486388384754991 0.33285685113334695 0.07761607761607761

cormack@6
0.10004880429477794 0.07074593521161723 0.21688531527719002 0.049474335188620905 0.07517084282460136 0.2526954177897574 0.031001743848091456 0.05671506352087114 0.2001225239942822 0.042966042966042964

cormack@12
0.24158125915080528 0.07074593521161723 0.25497249259415994 0.05256648113790971 0.07517084282460136 0.431266846361186 0.08913001356326293 0.05671506352087114 0.27159485399224015 0.06791406791406791

target@90
.21 .15 .15 .16 .32 .15 .32 .18 .13 .17

target@95
.35 .38 .21 .33 .41 .21 .44 .19 .19 .24